430
545
430
351
482
3858
215
3631
481
3631
2283
4454
3475
3475
0830
482
4108
4108
3723
35
4702
641
3022
2338
2358
2665
362
6153
5571
3480
0872
2720
2284
244
2707
2350
3523
623
4721
2665
5701
275
275
3143
6112
62
3143
5453
2828
2350
2350
3377
4737
3217
4520
2205
2148
5603
0852
3551
3551
4551
2456
2456
4880
651
6525
651
1570
2064
6315
7330
30
7030
336
5572
2820
0873
2715
4214
4214
3364
3551
4007
435
6104
5043
3032
3442
5157
3147
213
2463
6065
2463
2463
2168
6111
1800
2131
4670
6054
2361
5035
4060
2400
2650
4214
5137
2323
525
4340
3147
315
4034
2077
5076
4883
3818
4350
5012
2361
0872
4311
6156
2345
304
6164
4401
6164
333
1835
2144
3123
4413
5451
3122
2360
4066
3570
2232
4477
620
4300
5072
482
2515
7011
4213
217
2440
4215
5374
1215
280
0200
6233
3212
2107
606
3664
4670
5273
2850
2577
3467
4670
7213
2251
5253
4314
2574
5501
3477
6084
2530
4670
3034
355
2628
3782
2283
3551
3551
0872
2575
4807
3268
230
6412
6428
6701
2825
4861
2470
3340
2372
230
2422
2484
2622
2671
2535
4361
5211
2470
2365
5601
3670
7120
6317
3777
7270
6475
2555
6302
6521
2630
6383
4875
357
2333
2333
4674
4454
7030
2446
2446
5373
2477
35513551
3312
4207
3608
6082
0852
5671
3875
46
5354
5354
7307
4470
235
2422
2447
4740
6562
2820
3350
3354
0832
4413
2575
3183
5461
2358
6258
4740
6021
614
2264
4702
2365
254
3364
4036
5203
4552
2370
275
2365
5417
6171
2867
2403
6061
4816
4401
5573
203
203
251
5242
2324
6253
324
6383
4741
6714
6302
6443
2822
6066
2622
3342
4382
327
3483
3350
33533350
3350
335433503350
4352
4455
5221
6315
2646
3561
2441
3340
3340
6606
2830
2478
2478
4610
6304
275
3375
2041
2041
3666
2283
2571
3407
4171
4552
4740
326326
371
2715
3103
31033104
4876
2540
35613564
4850
4873
4860
3241
6503
3333
4625
4625
4702
7265
4630
2446
361364
2420
6450
6440
272
2541
4703
247
333
5268
2404
3175
2582
2234
5481
7267
6164
206
4306
4570
2216
4507
6031
5013875
6213
201
1885
2200
2200
2200
2580
354
2580
630
3331
4207
2347
2486
4551
2460
3485
3388
4014
3084
4352
2300
2083
2850
5460
236
4413
4702
4601
361
2000
5432
647
6510
4725
2460
2234
2565
4065
2207
4714
3220
2665
4306
3444
4670
2574
4465
2732
2850
4551
3463
5453
3723
46153451
2474
3384
4825
3364
4605
4703
4625
363
4703
2668
5345
4703
5641
3557
4702
3688361
5434
7150
4680
4287
2852
2278
3871
324324
3644
4420
545
5351
2311
5351
2347
3221
6275
2528
2528
2441
2546
620
3525
4416
324
35373537
2710
480
2577
2577
7054
2460
4872
2540
4816
2422
7306
2422
2840
440
4878
0872
6712
2340
27
3458
4861
2600
332332
0852
5520
254
3737
3722
23632433227
2460
3460
4820
4871
4305
2540
6056
5138
31
217
2365
6054
634
642
243
0845
2261
2536
6150
2536
3213
275
3730
275
275
2730
3058
4551
7004
6284
5222
4718
1755
2153
4650
4650
2580
38333833
253
311
2422
5223
2261
3375
381
3444
6714
3444
6330
4478
3153
6053
6333153
0820
2104
4868
4818
6530
4510
5280
6472
2100
2015
3807
4740
6162
72703808
6440
3475
246
2827
2620
3641
3517
4886
5320
357
4285
3373
5550
634
313
7215
2577
5066
6450
2155
5320
7270
46503477
6107
2665
2340
2665
6052
5042
3135
6112
2871
482
3251
4385
3237
6063
4680
7252
6556
4211
2446
3747
211
2540
6260
6224
2680
4405
465
623
6164
2824
4570
313
4207
6353
4517
6503
4626
451
0822
5523
2550
2587
4487
4454
6566
5052
541
541
2577
2422
4723
2616
2617
2617
6027
211
2335
2650
4810
316031603160
2800
606
2570
4207
2786
4408
7253
3215
3215
4570
2153
0832
2518
2446
4507
3223
237
2535
2325388
2325
4300
4070
3228
361
2440
3381
4871
7018
482
6056
5050
3081
3381
4562
2440
2454
7254
4510
2581
3228
4570
4551
4514
2337
2280
3216
4153
6104
684
2280
2280
212
2440
4740
2628
2545
2085
2085
5730
5432
4860
5255
4721
0822
2550
4850
388
270
2365
7212
346
4610
3671
3672
300
2536
4680
4314
4314
331
5453
6477
307
253
2355
2803
3550
3552
3554
3888
2420
2622
2680
2333
6223
3875
4754
6463
357
6255
3435
6063
220
360
4275
2818
4217
2251
3204
3165
2480
6102
682
6102
683
486
6102
3235
4674
2141
2758
4362
3342
2322
6530
2537
4353
2506
2261
2765
6510
2622
2546
6701
2081
2082
2082
2082
2548
2540
2582
5343
2422
2628
7011
230
2712
215
2577
0828
3518
4117
3351
361
253
3531
2535
2701
2535
2321
0838
3323
353
4701
254
6167
3806
2852
3304
0852
0852
3472
3888
3888
361
4205
5352
5373
250
3472
335
7306
5067
2581
350
3753
500
6304
2217
220
2540
2480
2207
2207
2207
2581
4313
5118
2632
4880
6163
6163
665
7215
6076
2570
6157
4275
6260
4401
2827
2642
2770
4650
2453
5238
340
6330
257
3231
3555
233
37
2330
2650
2330
2583
3707
4621
4216
5153
2486
2486
6375
2680
2107
2107
4225
6725
430
5720
3858
5440
282
5311
2630
2804
2483
2453
275
4715
2758
4854
2611
2810
6472
2536
3533
2584
7216
2583
4488
2422
386
6574
6502
6502
6430
2404
246
4702
2537
4852
366
2311
388
2575
388
23
0852
4625
2630
247
4211
235
6233
6532
5262
2665
2041
3483
3483
6214
5223
7162
4482
0852
2446
5234
3505
2710
4854
415
5015
2287
4285
4352
7303
3242
2844
2143
4575
2326
7301
2340
318
243
272
4343
5035
2430
2322
3350
5353
7140
2828
4820
0822
2365
4563
5571
2550
3381
4818
7321
313
5431
313
4600
2787
5413
4472
2283
3130
3130
3130
252
4314
4314
4314
4702
2770
521
5201
5275
2785
3401
7052
270
2444
0822
4850
4740
2281
4306
4304
7250
4413
2148
2343
2256
7275
3844
4717
3458
5051
7301
2560
5084
342
4625
255
2480
2221
5114
3342
5250
2581
3364
5700
5357
4352
2721
2338
4310
2142
2774
4405
2774
2460
2758
27
4341
7212
5255
5171
4560
2756
2713
380
5730
485
47
2720
3352
2261
2624
2262
2480
4737
4350
2408
7255
2380
4818
4818
2428
4702
5575
6530
7260
5462
4455
6208
3351
6280
2450
2452
2582
2316
2480
7321
7321
4468
5275
2877
6320
242
3678
243
2316
2630
3301
5655
2631
2850
2865
5453
2545
6424
2820
630
273
2826
2876
4425
2488
284
240
2382
4805
36
2720
230
4818
4817
2430
366
366
3531
4875
634
340
3860
632
4575
3387
262
6568
3432
5110
2372
4570
4488
2540
5238
3546
2283
2320
3305
2320
3352
2460
2541
2423
2632
2622
4871
2850
2533
2720
2720
2650
2357
4625
3820
246
3888
316
2026
2026
2632
1355
2022
4703
361
33
4507
4356
3561
2264
214
2226
7053
3335
3720
4873
647
2232
6525
2445
2177
2177
4213
2361
3352
4385
2450
4370
205
5417
7264
6722
6423
4401
2480
4871
4610
2650
3260
560
6525
2257
2582
2372
5333
2460
5271
3825
2423
360
2284
3870
3870
4671
4702
2388
3880
5482
5330
2711
2540
332
3728
2712
7177
2428
2866
2405
2476
4621
2877
3235
4310
240
6503
4601
4413
4034
4406
4613
5633
2372
4650
4650
642
2480
6154
654
2284
2425
4655
6475
6431
6262
3265
2652
242
3678
3678
3685
3723
2350
4552
2372
353
2650
2710
2586
5554
3537
3730
2430
6532
6521
2428
4601
4304
4304
4671
2480
2471
2346
4306
3682
2343
2650
6286
6338
2474
6320
5268
5268
2800
2652
4565
2800
337
6330
2622
3155
4124
4678
530
0854
3518
634
2176
2453
3260
5607
377
1455
201
7030
2850
246
2251
6432
4714
4702
482
6312
35
2828
2840
2650
2548
2868
6211
6280
2566
6333
2864
5007
6225
4805
4006
2753
270
3465
4404
5374
6535
3675
3675
6623
5238
5461
2340
2422
2422
5550
2330
3735
2644
2582
2576
244
3678
2257
2765
3128
312
3128
2357
2580
3725
6338
6056
6237
6450
2551
7140
6316
4275
4680
4680
4680
4610
4626
6244
6055
4512
465
4017
7302
2560
5153
2612
2556
3463
0852
3361
5381
7140
233
2575
2628
3568
2628
4850
4313
315
510
2622
0870
5670
6285
4871
4625
4352
3631
4808
3150
7304
3821
4800
2324
7261
3302
2335
4670
4305
2460
3821
2337
5276
2484
4500
301
2484
257
6251
2581
4800
7258
4825
3303
284
2137
321
2540
7175
3227
2626
4820
2827
6503
2381
6338
3517
5320
4500
4500
3131
5575
6153
7304
6043
2422
283
275
3352
3860
3088
2365
254
4507
4507
3723
4035
7277
4561
6255
3516
5155
7030
3516
3516
2330
7262
2454
606
4412
3741
5381
4741
3186
4017
5048
7030
3187
4017
4017
3186
3184
2216
4311
2264
4613
2441
331
5267
2430
3312
3685
3401
2611
2454
331
4357
2556
3707
6532
0810
5253
5464
4870
4001
4000
4008
4000
2580
4106
3315
7330
4218
4218
3658
3875
7030
222
3047
7330
4420
5083
2472
254
3301
4380
6280
2007
2581
600
6430
2705
2830
2642
2365
6701
2360
3888
2848
2535
2550
2330
638
3673
262
2481
2880
2880
2880
4757
2446
4285
3472
5007
2024
7140
2656
6112
5607
2420
3338
406
623
4816
2450
4615
247
2083
3012
7320
5032
2656
7116
4053
4364
6306
2100
386
4300
4570
2538
6725
6318
6318
6318
6318
3364
2463
4620
2880
2535
3418
4820
5454
2535
2534
2537
4626
5222
3350
6431
5062
6701
5374
2570
5223
27
2540
3685
4118
2530
4356
374
2617
5433
6418
2650
3268
2875
275
5252
3885
2476
2540
2722
2722
2323
3056
6224
3057
2483
3056
3056
3055
3055
4387
2460
2365
3885
4312
4403
2540
3375
4311
4311
4750
2450
4670
242
4207
2460
3885
3885
0852
2323
5374
5118
2550
2850
2536
2630
2472
2250
4825
5270
6225
3740
4722
6401
710
5120
5641
3240
3301
244
3525
2622
2825
284
2535
4575
2720
4556
435
2850
3862
3870
357
2262
2262
2577
2262
358
0812
3737
2357
5311
5251
4630
2632
2360
2423
3314
380
2622
2330
3586
242
3377
6714
2650
4854
4171
5157
614
2835
3428
254
642
2784
2824
3266
2400
6373
3352
3461
3461
2710
230
4615
246
3105
3437
6532
6484
2516
4357
2422
2575
3700
6317
2627
6084
3875
4671
0852
3821
3821
6431
4025
6306
2387
274
2626
302
2870
5520
3634
4310
5266
6230
6231
2324
4670
4670
4670
4670
4670
4670
4670
2454
3851
541
541
4217
3730
3730
4304
2578
6522
388
235
2230
2343
2823
2535
5320
441
3342
2473
2422
3083
4723
2700
3465
2852
441
2480
4671
3260
3334
3401
2486
4870
5540
2630
3352
5464
7256
2767
246
3726
3726
2621
4455
361
4455
2580
2640
3527
4703
444
2423
6353
3357
6620
4310
3352
2731
2337
6613
4055
4655
4405
242
2630
3815
3815
3858
6467
6452
4156
2671
4818
5253
2328
6227
6302
465
3568
3475
2118
3475
4830
4822
4220
4220
4220
4220
6401
6532
3371
4413
4310
4670
3558
7320
3121
3121
6028
7212
5520
3023
4560
5066
6285
3023
2440
272
273
4505
4505
4505
2620
2653
5417
4410
2722
5417
2732
6421
2576
275
2550
355
3730
3730
640
2650
2230
254
2447
4875
2577
242
2386
2540
253
2483
2582
2821
370
465
465
465
3352
2642
0822
2850
2627
521
6714
6100
0872
4742
5110
4680
1805
2134
3125
3151
2136
3151
2134
2168
246
225
3281
4818
4702
6055
3860
7140
6280
4885
3885
5560
5605
6036
7140
2283
2323
2321
2571
3711
4660
2446
2628
3301
3300
2484
3678
4387
4605
4680
4703
6122
3762
284
4455
2800
0822
0822
3617
4625
2831
2481
2484
2621
2137
3505
2488
4352
3364
388
2430
2477
6726
4510
4510
4510
4312
2166
2166
262
4413
2747
5321
5321
3442
2545
5271
2800
6466
2850
4343
2424
6443
4285
4722
2446
3023
4870
7116
4870
4870
4870
2340
2460
4116
4670
5671
4816
7325
3037
384
4478
2527
2710
478
2250
4570
4570
272
3556
2710
656
430
5310
6167
3573
6302
2308
2422
2540
2540
430
3387
6260
4680
4715
3844
3844
3844
5254
2462
4680
5501
275
5254
4551
4551
4551
371
540
540
540
3875
0862
4340
205
6728
2632
377
2330
3124
3126
3124
3124
3124
2540
2540
284
471
4358
2420
5353
3352
4822
7170
2747
6743
2747
246
4552
7320
2570
2443
2570
5038
2570
4413
2142
7316
442
2285
235
6111
246
4300
2062
4828
0822
4385
4871
4152
4520
7026
4820
2612
4625
7210
3061
3387
3451
3556
4521
2560
3364
5074
2560
1450
2050
3260
5640
214
2318
4737
2281
2046
3350
2850
4413
4702
3537
2835
2600
2601
260
2610
6315
2550
6710
2460
4630
2480
3630
4570
2166
2166
380
6627
5268
3540
4630
6153
4357
6111
6155
6155
670
6155
6107
687
4370
4310
4380
4170
4800
377
4802
333
2800
2157
2825
4702
541
5420
2804
0872
213
3126
2263
5280
4275
2577
4157
4157
242
6452
7257
5223
3305
6532
3351
4810
3888
4800
521
4800
4740
5275
5204
6450
3233
35
7264
6707
33
4873
325
246
6271
6271
340
4723
357
2846
2600
2371
6642
4677
2623
4357
6041
6033
2650
3623
2810
5641
3371
3274
656
3477
3477
3312
4878
5680
4723
3678
4130
6280
2850
271
5301
2285
6225
2285
2285
3352
3352
378
346
4854
6122
484
5270
2283
5144
6230
3334
2800
3512
4152
4152
2831
4152
6020
3825
145
222
222
3464
2630
2118
2118
3875
2118
2118
6101
6101
323
6101
6275
3442
2218
3053
7173
3054
7173
3053
3685
6076
473
4852
6517
6701
4702
3163
2171
4310
3351
2460
4300
521
4477
3023
2486
2343
4344
3260
4823
521
6423
2311
2440
3844
3844
3844
2163
6031
3361
4825
4211
6532
2711
2580
721
5204
5432
5715
224
2324
4883
2577
2340
2372
6317
3480
2330
2460
2460
2460
4816
317
3201
4034
2221
4806
4563
6316
2168
2650
344
284
2620
2453
6450
213
7151
4500
3305
2470
232
388
5223
4873
5076
4567
3777
3311
206
361
4715
3585
2350
7116
1765
2154
4810
2333
2068
3450
274
6450
7315
0810
0811
2487
6167
2170
2170
6507
2536
381
2560
2632
3377
2557
2281
3714
2823
2756
6255
233
4407
4626
3537
3162
3145
3161
3161
3162
5238
4703
2582
504
3660
5422
3314
6055
2281
7304
521
4702
2570
4352
2474
2171
2178
4407
225
2325
2484
4207
4520
4285
242
4570
2474
4285
4514
560
560
2424
4352
4350
2021
6330
2756
2775
2250
3145
7304
4702
4701
2546
4627
3221
6511
2325
2325
7306
3148
3148
6450
2460
5341
4610
7215
5231
225
2630
4133
2460
6111
4413
5680
4155
640
380
515
634
0822
6260
3352
406
5153
2611
5253
6280
323
3318
2848
3217
365
0815
2678
275
5244
220
4608
4470
623
2622
0822
2428
7112
275
3525
4350
5607
430
2263
2615
560
4820
4820
7321
2430
2787
2580
2057
2067
2067
246
337
4570
2083
4702
4068
4606
4740
316
316
211
312
4627
5014
312
3351
4605
4032
4032
4032
4032
3434
4314
5157
4370
2360
635
2126
3401
5134
4660
3678
3678
3725
2162
3312
4555
4217
4880
3451
3451
6328
2420
6751
6556
2036
2606
7011
233
2480
3824
4660
0872
4871
2484
3585
5660
3683
3683
5573
3544
5680
4413
2487
4285
3546
2550
3756
2008
2170
4215
3116
3525
2322
205
2046
5211
2261
2261
6084
3260
2484
6244
5341
5164
5165
5165
4285
3775
7330
678
7304
210
3777
2105
4311
3842
4305
325
6018
3373
4306
0870
4600
6015
6000
4002
6564
4211
4741
2848
5062
4468
0822
4871
2711
4807
5453
4807
6010
610
7011
2747
6010
270
503
5034
7270
2321
2756
3352
4311
5157
701
2460
3352
2107
316
4705
3430
3352
6030
7306
5280
4011
255
5238
3168
5256
316
275
4226
340
4500
2620
246
5085
6472
6714
5152
4816
3782
5523
2206
2800
4721
5640
2530
4163
7211
4163
2460
4427
4350
2321
2515
4361
6211
487
7020
3875
2800
4818
2800
3068
3222
4680
5570
5570
4370
6850
3658
4824
203
401
4357
401
401
4520
2484
2453
2480
2031
5042
2031
3315
6105
685
3822
4605
7303
388
4811
430
2480
3370
2440
2142
378
378
3851
2330
3461
4312
2283
4352
2508
2460
4305
4621
3825
2108
3851
2486
2486
2835
270
2550
2422
3442
2347
3862
300
2570
3338
2844
4605
3266
5346
6317
0822
4703
3643
3644
3644
2732
3266
388
3058
3058
6532
3546
5654
3475
5631
3781
441
6731
5351
5440
6164
6443
253
0810
4875
4860
3030
6308
2471
3285
482
4560
2480
5607
2450
2450
2450
2450
284
3364
2083
3568
2537
3340
3542
3250
3707
3250
3250
355
3342
6302
2462
3770
2707
5266
2761
7027
2515
3315
5272
7215
4570
4808
4307
344
2700
2626
4314
6315
2833
207
4707
207
207
2581
6230
506
4343
2646
283
0822
5671
2827
6225
6225
2650
2850
3066
6330
3066
4301
6330
6260
2474
8003
8007
5555
7012
4804
5418
5081
2440
2460
2343
2756
275
2756
2575
5041
2262
4677
5670
4820
4415
2760
2440
5277
2666
282
2540
388
2330
242
2832
2540
4702
5700
2484
4514
6311
2226
4571
6152
652
2820
4858
521
4722
7211
2710
3384
2137
2138
5118
3303
3286
4416
4357
4352
2200
206
6450
2877
4815
2484
5464
2422
2447
2447
2325
2537
3633
282
7054
2500
253
253
5272
0873
2221
7173
3227
3318
6027
4552
2145
4702
6311
4800
4800
5723
5583
4184
4310
451
6210
7320
4703
4313
2034
6166
3315
2614
2870
2650
5261
621
2850
2300
2870
485
2831
4574
4610
2727
6638
447
2550
2843
083
2701
4311
2535
4225
2550
3048
2402
6163
4850
6050
6532
2611
272
2478
642
5670
6507
4387
2423
4580
4580
4560
6168
2630
5341
4573
2632
2622
6214
2630
3616
6450
0822
5261
2428
2428
4216
2460
5267
2470
6512
362
2611
2717
420
4630
4630
4311
4702
2343
3461
5431
4422
5607
2357
6503
5265
282
4626
5540
4670
0820
5263
6566
4570
2726
246
440
3860
3477
3477
2441
2426
3825
2550
4108
247
2424
247
560
4420
456
2265
4408
3268
4565
5264
4860
4702
6515
4563
4563
4151
4151
4860
4702
250
4565
5650
2628
4702
4873
6714
2850
4402
5611
2251
2852
3480
2422
2360
5308
5732
6562
2460
2644
4741
275
7174
4860
3814
3480
3480
324
2471
361
6701
4670
4871
2443
2450
2622
2440
2705
4551
4660
2526
2526
4850
2611
2710
2646
4570
4733
4075
3352
2456
2871
384
4621
7321
6426
3214
2315
2480
3311
4610
3551
270
3683
4130
4455
7215
2756
5575
2700
5157
5051
384
355
3254
2646
2325
6375
2518
2518
3888
2711
2633
3707
5641
2546
5611
324
4513
3631
4818
3631
246
3631
6440
0850
6720
0872
3523
3101
4723
3465
4350
2084
6011
611
4558
4375
4375
5577
2474
4310
5607
2630
2653
230
2720
2571
6288
7330
2460
4613
4873
275
3862
2652
6336
6503
2081
4025
5033
3506
6284
6485
5602
322
5238
560
4871
4871
4871
3268
2460
274
7321
3857
0822
284
284
6317
2483
710
211
2627
471
7306
710
5432
5152
5152
5051
2632
3465
6025
3064
4877
5114
4655
6420
7030
377
377
377
377
377
4814
6321
710
274
225
4350
2422
2422
4610
2423
600
2338
7321
4757
366
2627
2631
3666
200
3121
4740
7024
200
200
5341
2440
4313
4355
3322
7302
4132
2620
0852
3363
3363
31
2502
4723
4310
451
2430
480
20
313
5235
2230
2400
253
3858
6236
2583
3862
2583
2527
2411
2850
3373
5558
4312
2446
3283
630
3821
4413
2280
2427
6262
3377
4342
4605
1585
2065
4355
2803
2460
3301
2132
3136
4871
5008
3136
3136
2133
5008
3136
275
333
4285
2832
4800
5523
2484
4816
4871
6311
2835
6383
7260
2864
3265
2850
2700
2487
2484
3705
5232
2540
6640
5261
2540
2660
3530
6566
3315
6067
6503
3568
270
2850
2372
2581
4860
2645
346
246
5700
2478
2852
5041
2756
2850
2832
5631
2867
3251
3251
6434
6407
6275
2424
2430
2866
5660
4816
6401
253
5554
440
2587
4370
5571
2734
5641
7316
2827
3268
3268
206
2672
2381
3222
2648
4570
2820
2342
275
4871
4812
6028
2533
4552
5580
2567
2540
2580
2650
2580
2108
5214
2422
7256
4551
2536
4223
4223
4223
2605
4680
3483
4608
526
4352
6330
2388
440
2546
5222
7112
5223
4627
4357
4514
5223
6410
284
2032
3385
6638
6008
4570
4873
2325
2474
7304
2630
3465
4127
4825
4503
4715
4807
4405
4380
6304
3341
2257
4630
2628
6302
600
5461
4621
3047
4702
2546
381
2460
4850
4757
2328
2581
3568
4374
660
4415
2335
2477
0822
0852
6230
3477
4671
32
6450
4671
484
6713
6713
6725
4872
2823
647
6507
3175
3175
3175
3164
3175
4370
3737
2357
230
2083
2350
2630
6383
4610
2530
4860
2428
2722
273
6065
632
6236
6236
2717
4455
2786
3862
275
632
5642
2508
2454
3340
3871
3145
6122
4350
2027
1300
2010
2008
2330
3271
4285
5047
6070
2706
272
3822
2870
4410
4076
6275
3756
3851
2336
3304
6532
3701
6320
465
2340
0801
0800
0841
6317
4875
0872
5700
6230
4855
5355
2085
7151
2336
2251
5113
5113
5041
2000
5252
6211
3858
5422
4521
3460
447
2646
6055
6722
5223
0872
4017
2600
2600
3363
2761
6258
3235
3336
2443
2446
4508
3888
7212
361
7140
20
4306
7112
2440
2460
246
4305
430
4305
2627
2576
2440
2071
2758
7250
2070
2480
2536
6705
4740
2323
3002
8002
5558
6450
6640
6532
4615
6275
6355
4860
6004
682
6308
0820
630
7321
6168
4861
2113
3852
2324
0870
2340
4350
4871
6101
681
2650
3678
37
2477
6370
6532
6260
2766
4305
2004
3231
2036
2018
3463
2122
3875
5063
0820
4860
6232
4037
2460
5320
5680
4304
361
2756
4340
5355
2453
2311
3564
3564
3564
3564
5153
3265
2333
3472
7264
2551
2474
6054
5050
3757
5235
3318
4207
2176
2474
7321
4870
2027
3444
230
6027
2285
3678
3678
5630
5111
5113
5111
2787
7330
5583
316
2174
486
2551
482
503
2824
4562
3461
6515
7256
7112
275
6034
4344
4627
4627
4627
4807
521
4113
2460
6725
3713
4740
4871
4855
640
647
3334
4552
242
4221
2101
4370
2404
2335
2570
7030
3746
4670
7054
2282
2287
3461
4721
6237
4615
4655
4516
3266
3266
5112
2011
2428
5113
5112
5112
2171
321
5113
5113
5112
7304
5112
2325
2460
2470
4361
3875
6330
4078
2446
606
6532
7140
4816
2648
272
3265
2337
4610
3250
3821
4886
4362
0862
4670
7325
4670
487
2570
5670
346
3558
2831
3448
4361
4742
2325
0852
2360
3185
2480
305
305
2105
5260
3184
6062
3782
4720
2456
2380
2770
7255
2371
2257
2478
3475
5223
3551
4355
5381
5453
6431
2750
7320
4710
2750
6330
2800
4371
0850
5211
3802
2622
6518
2136
3352
5085
5085
2133
2233
0872
4306
3407
2560
2042
2350
2840
6484
3723
4051
4520
385
385
2620
3551
1710
2121
3076
7211
3551
4741
6532
6532
4740
2264
3352
2877
3825
266
2663
2250
2250
2260
5066
203
5461
1700
2115
()
0872
4480
2540
7310
388
271
5422
6210
275
2043
4875
2850
2558
2472
4312
3701
4312
3730
6450
3040
3041
3041
3040
2787
2650
5015
6213
4702
4741
2257
2640
2540
2474
5253
4858
2877
2877
4860
2650
2866
6443
2628
4554
5374
7310
2806
4380
230
4674
441
4455
3177
4562
2822
2650
2441
2441
2484
4757
4757
4741
3251
4854
6532
2480
3350
4660
5431
4462
2867
4677
3666
373
2545
2440
2700
4420
5454
4581
2663
2850
2737
4455
0822
506
7212
2473
4874
275
3371
4356
5116
5116
5116
5116
2617
2015
4888
5461
5035
4352
3377
3678
4053
4053
3678
2484
246
2481
6317
257
501
7275
3338
6707
6707
550
7303
3338
5121
204
2430
351
6208
4606
1860
2165
3078
4103
2165
4103
2165
2165
3231
2871
357
204
4306
5126
4700
3561
3875
2470
251
4413
4670
2330
6210
2365
2540
36
7215
5601
0820
2535
3451
2656
5731
4741
2320
5607
2526
4703
2820
4660
2484
0830
5416
2607
2622
2283
430
4303
430
2776
2422
3714
2474
3060
2480
4568
5070
4358
4358
4854
2283
7140
3518
3237
6236
225
2330
3458
7054
2775
2325
3864
2444
2453
3821
6148
4650
251
3518
247
2454
3778
2480
3156
2484
4306
3786
4275
4055
4055
4055
2318
5010
6431
4606
215
5265
3024
3518
2875
4352
406
2525
6432
4756
5023
2474
2460
33
7214
2315
2487
0872
4873
2713
4350
5255
0822
6722
242
5070
5502
35
3585
2611
4825
5354
5522
2316
253
4570
2441
2421
4871
2283
3342
6337
7140
5601
4860
27
275
4018
3065
5082
6765
2577
3068
2046
5238
2873
3875
3465
515
4280
4344
4802
3851
2420
5153
5235
4560
0822
3031
2287
4381
4714
4375
252
32
5223
4285
800
5025
5434
5042
4305
6302
4422
7030
3550
2280
6014
481
7140
2615
0852
3717
7325
7163
7270
0822
4860
0852
4275
0875
2615
3844
6302
3844
3011
2871
3764
2621
2446
2422
7173
214
5373
2840
4343
2330
4678
7330
4873
2157
4556
275
6286
2651
3131
4342
6324
4078
2372
2037
513
278
4357
4362
4118
7260
4850
4465
2087
5035
3875
4723
4404
2603
3236
6434
4850
6271
635
6112
2260
6058
5233
4871
2428
5238
2428
6716
7182
7310
7310
2460
4006
360
360
275
2420
3557
5577
4740
5607
3805
2258
2716
2323
2800
7215
560
2880
5272
4800
2534
3323
5238
3265
3265
5262
6537
4721
7275
636
213
7113
3461
5421
31
31
31
3200
31
5374
2615
6443
3336
5238
225
2446
430
4806
2440
0822
3741
2464
5372
225
2756
2323
275
4370
6160
65
321
2655
4310
6330
3384
1640
2086
4701
206
4870
3217
4737
5063
7215
4855
7215
2850
2586
2550
3451
2630
3851
4313
5024
5024
5063
2583
2318
3825
3825
5280
620
2370
3381
3218
260
6574
6041
6476
2765
2720
4671
3723
4551
7030
4300
3822
4702
6337
4850
2716
2850
5308
0822
2585
2650
215
482
270
4830
2422
2702
3568
6714
3737
0880
2405
4814
4814
3207
5015
6168
7112
228
3185
7112
2871
3814
3814
4741
3352
2232
277
2330
4702
4852
2340
2866
4860
2605
2345
3265
6705
6705
220
361
4343
4345
3407
4211
5118
7315
5118
5118
5655
5118
5118
5118
4625
4051
328
2441
4034
6728
2642
3220
3215
3218
7116
4352
7015
3885
323
3237
371
6230
2650
275
3783
4721
5255
2474
381
3833
6280
4003
7253
2365
3700
218
275
228
4871
5472
2480
4825
6532
504
3546
6530
6531
3418
324
5301
5381
5343
521
5280
3387
3741
4871
545
2642
328
2534
2534
2818
0872
4574
3240
3331
3717
4420
2474
2430
2380
6426
2328
6743
246
2370
6448
6083
2666
2340
3851
3851
5253
4620
3480
4871
3072
4208
4871
5081
377
2560
4655
2560
5411
2360
2827
6302
282
2877
4314
4570
0870
2700
5453
5086
2462
3616
2321
6370
6510
5013
3858
275
2720
205
6701
4211
2823
4671
4702
4676
2404
6725
284
6503
6503
2787
4625
3841
381
2617
2480
3624
3616
2831
2422
266
244
0836
2145
6064
480
2425
3437
3437
4670
1675
2111
3575
4370
2440
4680
5473
7264
4680
&
/
4680
4680
4680
3043
377
4306
4615
5037
275
4570
5015
4518
4570
710
2037
4420
7000
6330
2557
284
2631
4885
2560
37
4381
4871
4342
361
2846
4570
4680
2370
4312
2630
30
6071
3163
710
2370
3146
6230
4800
2321
623
2365
4377
2320
5064
3352
4880
4872
388
2422
3150
2321
388
3238
3864
3517
5052
4385
3764
4424
4355
4620
2337
3352
2773
3717
521
2365
4352
521
6316
2285
4711
6016
571
3363
4743
2761
710
2330
2330
3364
4285
2810
5045
5045
5045
5045
4740
2642
3858
4515
7140
3122
2167
6532
2650
3266
4370
2486
3854
7275
3854
3854
3370
5044
4420
2156
3444
3522
2454
3314
3418
4711
4630
346
4280
346
3527
3527
3451
7012
6256
3461
4380
3858
471
2570
3340
2745
4423
2330
2261
7140
6258
3385
4650
7010
4342
2157
3265
3265
346
2564
2576
4626
2450
2330
2337
4605
3675
3675
2640
2653
3046
4702
5277
5065
323
2430
650
2460
5064
4350
4553
2768
4570
2250
5110
3851
2756
5344
2422
2422
5070
5070
6077
6285
3221
6714
3260
6335
6328
2232
2477
2727
355
2650
371
2720
2586
4511
4702
2705
2738
7254
726
6174
3851
4551
4621
5125
5125
3555
5322
3350
3451
3465
3555
7304
4380
3435
3472
4865
2820
2580
5352
3352
283
2732
357
262
2720
4670
270
2582
5330
4671
430
6330
4610
6468
2575
4300
2736
2838
4660
5034
7010
246
4314
2620
4856
2652
237
2852
4306
2480
2805
5214
5214
5214
5214
3673
6460
4702
6415
2646
4413
4570
4354
4362
4601
4601
3875
4860
4860
4860
430
2480
2482
3888
2830
2340
2870
3666
3685
3725
2330
4800
4800
236
3557
3477
4625
6076
4650
4702
4702
3305
3305
4421
2072
206
3345
7150
4031
4610
4702
4865
4352
246
6375
3873
275
7466
2263
3412
6556
3585
2250
2320
7216
6110
60
5223
2358
3723
2580
0822
2580
3608
5114
7216
2330
275
3043
3544
2357
366
3477
3463
2330
2340
204
4352
4352
4350
7306
4470
5461
2583
5502
4702
6284
4075
4075
2474
2460
2403
4650
272
3631
2360
3314
5440
4855
3870
4820
4340
4051
5022
3335
3525
3875
4815
4347
2765
7030
2445
384
2142
4650
6503
746
3701
4352
2570
340
6446
6403
3302
4405
3281
4740
7017
7256
2441
2850
7276
2401
2832
0830
7215
3477
4357
2232
3608
3477
3477
3477
7150
4700
2108
2460
4655
3374
4850
3374
3537
2551
2338
5107
2471
2850
3462
6514
4865
2323
2365
2730
5153
4871
5607
2474
2251
2428
6328
2168
6330
210
5086
4124
5253
6254
2550
2745
3341
280
2176
6210
2250
2440
3444
5140
6302
2230
4701
2330
2631
4380
2620
435
4751
6056
5360
6532
2471
7270
3387
4570
3088
4120
4513
4413
4387
305
4816
4606
3304
200
5272
2540
2065
2580
5125
4401
6024
624
6405
2642
2650
4313
0852
4830
6535
2557
4660
4800
254
2810
3352
2311
2334
3675
2325
3675
3675
7140
2474
6521
3234
4715
4370
6701
2145
3104
4503
2603
2680
2680
2680
4222
6253
7277
3315
3315
2666
482
2652
4352
4806
2753
2753
441
2627
4627
1220
710
3216
3216
284
3770
4210
2536
4875
6041
2161
3451
6055
635
7321
2161
2828
2347
506
2852
4812
2463
5471
4855
4418
5417
2360
2441
2840
2865
4154
5233
4815
4805
2652
2447
4570
0822
2711
3566
2722
2347
6315
2620
2580
2840
2775
4650
361
2337
212
2333
282
4620
0832
4872
2380
4455
2581
2876
2876
2632
7315
4825
2852
482
360
4800
6513
4626
238
2787
5343
2460
2581
4415
6623
4805
2624
278
2365
370
3807
2356
4420
6302
225
6018
6018
6237
2500
3401
2227
2227
4570
4570
0872
4740
2045
2602
6076
5163
5163
5454
506
2441
3351
4353
3046
720
722
5245
4306
4742
5223
5461
0872
2262
2460
4740
530
4850
5000
2618
3803
5381
541
5158
2430
4406
3818
225
2346
6770
3381
6210
353
2340
2311
4610
5642
2330
6215
6288
6532
6022
6716
2303
3300
4007
5373
7140
4007
4714
2303
6163
663
4803
222
4800
2303
2641
5558
5401
3215
225
5431
6164
2170
4741
5374
2440
7321
5086
270
3188
4352
3188
3188
376
2340
2420
4406
2443
6430
6433
5374
5417
3675
2680
3360
354
4825
515
3453
3453
2587
5575
5422
2257
2650
7307
2850
3806
3337
4350
4314
2600
35
2622
230
2321
4630
4625
3741
2427
2567
2150
6225
6112
6361
214
4350
4307
5244
3317
3616
0872
5464
270
5255
270
3124
2710
2446
6220
2465
5680
2761
270
315
6308
710
248
2440
2715
5280
3501
6356
4341
3465
3401
7320
2850
3737
2614
5434
2777
3287
3862
4850
2324
3142
4626
7307
5607
3122
5062
3123
3122
3122
5051
4171
2711
6333
5204
4740
2711
5252
5211
7140
2850
1240
2000
6112
246
2481
2530
366
277
4515
3658
2787
6055
6333
3840
3840
5066
3840
4741
4361
3777
3777
4825
381
2233
3523
3758
3523
2324
3202
5153
3305
3135
5068
6027
3134
4110
4110
4814
0873
2330
4486
2770
2168
5073
2321
367
3084
3081
3081
2460
0852
6056
4850
2508
307
2508
4212
4212
4344
4344
7321
4174
6166
4362
5014
4011
2111
5022
5022
6055
7325
3301
2658
3312
6236
3461
3461
0836
4887
6017
7030
2622
4118
0872
2831
4812
7030
270
2453
3218
6056
3825
4680
243
7264
6211
4006
4655
4655
4817
3442
3321
6255
6255
5118
2322
3273
7316
3858
3268
3304
3847
371
4723
6532
2440
4703
4800
2615
6443
3764
2575
6057
482
508
6313
7321
7183
2775
310
228
4352
5063
6003
4101
4352
4211
4401
4454
5255
3660
3032
3216
4520
4560
6112
3315
2850
3825
5453
6521
2575
2628
6025
623
5112
3351
4118
5086
7320
2420
3660
2350
2650
5116
6168
220
2320
2036
3037
3875
6312
2675
5455
4285
2430
2340
7252
5033
6163
5033
2168
5603
5007
6462
5214
5202
5211
6413
388
2321
435
6280
4612
320
7000
7001
2753
275
6065
313
6566
4610
4455
4352
6220
246
2644
5088
2611
5330
5330
2250
4121
4121
4121
3862
6426
2446
7140
4878
2328
4216
0812
3148
2286
4207
6522
2142
482
2173
2615
6355
2631
082
7275
6213
4806
()
67
2850
2140
3465
4740
2140
2140
2474
3304
4816
3717
2825
7017
5576
4415
5172
5555
4212
485
500
6165
2646
4413
6125
336
6348
3162
3340
2484
302
3238
3567
4875
2171
1630
2077
2077
1635
541
6535
4671
4714
2474
481
2320
2474
480
2256
3400
3402
2530
2175
5141
4660
5461
2621
3741
3051
3303
5131
6530
5048
6071
274
465
0835
2480
6532
7054
2360
3723
2330
2330
6450
3858
2643
3723
3723
3723
7018
7316
2171
4310
5453
5523
4860
0872
4821
2605
3166
4854
6460
4702
5114
2620
440
3757
4625
0836
2652
4555
2840
443
3558
2310
2110
371
2330
5163
3166
6110
2446
7055
2148
2530
2800
2111
2111
3551
3551
365
361
7112
2482
710
213
30
2220
1481
2220
2540
4454
2540
4812
5061
635
2454
2448
5262
2446
4875
3833
710
4811
4625
3875
6522
2463
4738
2850
4727
4554
3351
250
2540
3381
2234
4275
3282
0873
2466
6028
4560
0872
4570
4077
4077
6721
3223
2642
3688
4068
4068
()
0872
2627
2627
6701
4850
508
180
2565
6213
2101
4422
3517
4387
5133
6052
632
3342
4343
5723
4876
4454
3472
4806
5550
6302
5680
5211
6018
618
5731
6751
4670
242
5577
4860
4860
4285
4872
4581
7030
2360
2422
3636
2350
4610
3321
36
3352
7248
3350
4703
3815
4305
344
4344
3451
6401
7330
0874
5611
2473
5611
2474
482
5153
2347
3550
4306
4356
2630
4610
4701
5222
324
324
324
0872
4887
4404
2470
6525
2835
348
2607
275
205
4660
4660
4731
471
5222
4650
4217
226
6452
6535
2878
307
307
2023
3072
800
307
4680
4313
0872
0886
5301
3047
371
214
2460
3556
7304
6335
230
4426
4426
4426
246
2463
3825
2627
4208
6337
4855
4885
2642
2642
6275
6315
384
2533
4702
4074
4811
2463
5571
541
3723
5640
2614
2750
3228
3266
3266
6077
6164
4410
6056
2226
4856
6258
4702
3517
6728
4854
6124
3888
6275
3700
4807
2535
2787
4340
3840
3840
345
3480
3480
2582
6306
2550
4702
2871
2622
6401
6401
4383
270
4818
2350
3423
2630
6346
2536
275
3825
4728
5554
7030
2716
480
2622
261
6337
2533
2582
2540
2580
2330
2431
3527
5554
2540
525
22
7260
2280
237
6612
2232
6753
2480
3483
6365
225
340
4280
4406
4406
4406
2628
4515
2631
2627
4074
6036
2622
2642
3818
6280
635
2642
2622
4410
0810
6365
2575
5271
440
3384
3384
246
3238
5431
2443
4714
302
0832
4615
6014
2445
4520
4403
2720
4355
4570
2430
6027
6027
61
6060
2747
4285
4702
5070
3364
4500
4860
4802
710
275
2726
4816
5238
4871
5374
4823
6567
386
351
6751
4370
2460
4343
377
4736
2663
2666
3401
3575
3551
5153
6516
4581
3635
4888
4702
651
5554
3318
4285
220
4406
2850
5552
4207
4872
0822
6076
626
560
2454
5278
6468
4702
2550
430
6536
6536
5118
5655
2617
6330
6430
6433
6433
6280
30
30
4030
0872
4825
3064
0852
3401
4670
2627
4503
6025
371
5550
6280
3766
352
4630
0872
0872
6740
4887
2665
3570
3571
202
202
6442
6442
2550
4870
7260
3401
2530
2787
361
4570
4570
2848
2576
5157
2460
3555
5118
307
6255
5222
5280
2224
416
2577
2800
2582
2258
4570
270
4870
341
5252
5330
2550
6431
0872
0872
371
225
3387
5434
3564
7150
4630
5632
2661
5670
5373
230
242
2620
324
6044
4306
0812
0813
4306
2450
7140
4352
5223
6152
4117
5654
351
350
6163
2232
3260
6751
31
2250
5632
6358
6430
647
6530
3401
6176
7267
5307
4306
4184
6111
6010
6122
642
3631
6460
6714
6714
6288
6018
621
6472
2337
5304
2324
481
3483
364
364
3634
3634
6317
5343
0850
0851
0852
0850
0850
2780
2780
6401
3640
6302
4701
324
4612
4655
7270
2333
3021
6280
4350
2558
2325
6335
4031
3568
2340
2404
2480
5275
3036
3038
3033
3038
3036
3042
2320
2500
5267
2478
284
333
6410
7176
5607
5641
2350
2155
2155
6111
61
6111
67
4800
275
4815
7270
2380
405
405
3666
4401
2526
2526
4742
2178
2440
7030
243
6323
236
4574
357
335
6316
406
406
406
406
244
4816
6701
323
3234
3550
211
1465
2033
3031
4670
5068
6151
5068
4341
5068
5067
5071
6333
2156
2560
5233
430
4310
2354
2354
4341
6107
525
4054
4670
4702
5271
6182
357
357
243
361
361
2711
4875
37
2328
3434
2835
312
3660
2800
4285
2263
4285
5231
5035
5035
7155
3723
243
3101
3102
487
6105
330
246
5353
3173
6126
4612
2642
242
4306
4723
5261
2422
4570
2877
2551
3631
3631
3631
2533
2533
2533
4560
5607
262
2546
4718
225
6054
3418
2830
4574
5025
5642
455
2484
361
254
266
2283
4354
5084
5084
4515
4721
35
0873
2472
2474
500
4600
242
4877
2071
3312
361
3283
4373
2087
2261
242
3678
2257
2257
7255
244
2720
2278
3717
275
7150
3851
3764
3764
4465
3137
3137
5641
4873
7304
3551
6728
242
4571
4680
4601
4741
2440
4356
2251
2251
2446
2622
430
7310
2446
6728
6330
4521
3678
4515
4610
225
2540
3763
3757
3757
571
3517
4551
4361
1340
2487
2324
2147
724
2148
3021
5034
6005
2360
27
253
4401
3083
2487
5223
2580
2118
2032
5118
6701
2370
1480
2208
4208
2370
6026
4400
2604
3364
4114
6256
7050
7051
7050
5331
504
5275
2358
2587
3012
6065
2208
2340
2550
2747
5062
4703
4670
4613
3483
4420
6028
0872
2478
3520
253
448
2537
4021
2441
2615
242
246
6372
275
2570
4806
3283
4680
4872
2232
2232
2061
6251
4817
3608
2325
3666
4605
2430
0872
4352
5087
2346
4285
3286
2577
247
3723
2424
2424
3523
3152
3180
0828
4881
3260
4520
3704
4406
1485
2217
2217
5223
6328
6532
635
6304
4702
4671
3265
6367
6605
5270
521
351
6603
3315
381
381
2680
6510
2370
6431
6623
2256
5661
2460
357
0822
5464
6427
5575
6461
4872
2530
366
6064
3580
4701
6056
5650
560
3644
5417
2480
5373
354
7187
2482
2304
2430
4285
4402
2807
6475
3477
527
2650
4025
3501
3844
3364
3860
353
5558
4357
2352
3144
5271
5607
2735
6415
6333
2476
3714
3341
3282
3520
357
2450
6485
350
350
5502
3461
2627
2627
228
2305
228
3565
3638
4738
482
2620
4415
3622
4413
242
2622
2460
5304
5352
5278
6330
345
620
5115
6353
5201
5172
6352
4560
430
6244
6365
6365
6470
4660
2250
5552
4352
4558
2835
340
6642
4405
4610
2730
3585
4556
2441
6770
242
2430
2460
2484
2484
4615
6375
648
6743
4702
330
6765
4112
4881
4560
4885
4824
2757
6431
2231
208
3518
3518
2758
2758
2758
5037
6375
2327
4871
4352
3517
4388
3337
4503
4741
6306
640
666
6167
6167
6385
361
3620
3620
2715
5651
2460
2631
4570
5453
5262
2650
5172
2216
2221
3444
3444
2484
4823
2474
4380
3621
2036
3083
3463
3265
3816
4215
3130
3678
4521
7140
7255
2720
2581
7255
3523
2652
3480
3480
3480
5267
275
2583
4721
2480
4570
6725
2325
4800
333
3401
4341
4341
4341
4341
4341
0852
2650
6743
6640
4884
2580
0822
6355
3584
3351
4570
2675
647
30
2820
6355
2672
5238
6646
2445
3581
4343
6215
3303
253
6166
2671
6438
6484
4884
3713
3551
3381
3355
2581
3373
6353
2263
2502
5160
2502
2462
6603
361
2528
2446
6260
6356
7210
3381
4563
4306
7467
6475
3525
4703
357
4671
6258
3312
225
6603
5255
357
4800
3727
7030
7140
253
4872
6320
3887
30
3533
5555
3851
6440
3350
4311
3373
2680
482
4871
2282
6180
215
215
4701
30
4621
2572
2443
6431
3352
3644
3542
7267
3075
2147
4184
0822
2335
2370
22
5302
4285
6430
4703
3352
3620
35
3435
6044
4555
2652
3384
4550
3384
6065
155
2066
2066
2066
4340
7275
384
384
3363
6330
6147
5255
3352
3377
3318
4410
3444
4630
2426
4470
5353
371
4570
310
311
2460
2644
4850
0850
2163
2430
4478
2430
3555
4825
2166
7325
2773
3212
0872
0875
4110
4285
2622
3821
2320
5016
5016
4306
2480
324
0820
3325
2866
0852
3487
2615
6616
6100
7307
7021
2775
7250
313
482
5480
5680
264
5271
2443
3444
2462
4357
2060
3238
2582
3028
6440
3026
2641
2641
8010
4343
4716
7140
3480
3418
4825
4501
2460
3364
2617
2783
5068
2844
4606
3537
0812
3352
6707
5452
5150
7254
2335
6170
3385
6043
284
0810
6007
602
603
7255
6514
614
2705
2775
620
2470
7252
4343
7277
7263
2476
3516
2040
4305
3352
5731
5417
6437
3567
7315
2330
3631
225
231
7120
4357
2171
2322
7008
361
6503
2478
5240
3461
2750
353
353
353
6438
3224
217
3458
2581
6233
6111
4370
4370
3260
7054
6076
3332
2770
4800
2560
2780
7120
2460
2311
2800
204
7173
5501
607
3352
4365
2480
4714
7030
2138
3858
3858
1825
2141
2141
2333
270
2800
7304
7260
7301
5355
2834
5085
7330
222
2536
2480
3820
7310
3371
3420
3682
2460
3140
4344
7268
2040
2508
4352
4723
4513
3673
3673
3673
2352
6315
2324
2444
275
2583
2361
3717
4714
4701
4305
4384
2484
2850
5715
5607
2778
440
5065
2480
3865
3875
2347
2476
2070
2070
2710
7015
5320
5731
3312
346
6258
350
2066
4356
3360
4314
5410
2460
354
5607
2250
7260
2480
3324
2480
2480
2372
3480
0822
270
2474
2036
2644
3418
5607
2538
6330
3458
270
635
233
225
8011
4551
4865
2281
7140
2360
2720
3211
6646
710
2880
2256
5250
270
1871
2170
2170
0822
482
275
2747
3551
2365
3862
2650
0822
2474
5241
7255
345
4370
3851
3833
5271
254
5510
4720
2321
5633
2656
482
6522
3563
5032
6054
4342
275
3665
3551
3551
4344
6330
4311
3575
2232
2480
3475
4114
4114
4133
4207
412
412
4131
243
2713
7275
6311
7140
2753
642
3678
471
2536
2446
4570
5253
3340
3550
2261
2360
262
5501
4850
2330
2564
7253
2347
3401
3851
7301
3551
7150
2540
4730
2066
3816
3816
3665
5153
3666
710
5160
4558
3352
4558
4310
3377
4671
2756
2035
2035
5413
6317
630
6532
0822
270
2652
0812
7330
366
5733
1475
2204
2204
2204
6213
5068
4132
2765
2122
3216
2530
2420
4611
2824
3875
6110
2328
2420
2265
4858
257
3634
6426
3465
4650
4650
4650
6280
3812
2287
4377
4570
2380
377
2820
3840
4370
4703
5680
223
1460
2020
4875
5170
3482
6701
4370
0852
2250
2370
7214
2710
3723
2652
2036
5554
2711
3331
5320
4210
2382
7321
2607
7151
505
2650
4822
4746
6614
6244
7304
2365
7140
2423
2304
2540
2580
2787
5454
7248
2304
2304
2304
506
6051
631
2710
2145
2347
6225
0852
5357
6770
5267
2105
5211
338
2333
4856
4807
5723
2330
4053
4740
2756
5157
4671
4570
3472
6330
2480
2617
270
3401
3451
4823
3204
5171
5171
2480
247
3874
37
2060
2587
3568
0822
3568
6532
3678
275
3048
6210
2114
7140
4131
5201
4670
4422
7304
3585
2484
2852
6405
6728
6167
5081
5081
2780
2318
2577
6642
632
6208
6401
356
357
3862
2477
6262
2785
2453
4703
607
4570
2615
266
3000
3001
3004
8001
3045
3052
4510
2430
7330
2756
2734
2765
4613
5483
7310
2114
503
503
3337
5552
7030
3338
3337
2320
6156
656
3315
3875
254
7255
4610
4871
3373
2850
2234
2234
2568
2563
2842
7330
287
5264
5264
5264
6050
478
314
314
4825
5223
6436
315
3277
3277
3277
4875
2388
3505
3505
3505
5308
3333
221
221
560
5311
4551
6352
2548
4805
4352
4352
2537
346
3310
6450
6625
4605
3058
4218
4218
3754
2422
2850
2540
2852
6415
3737
3737
2632
316
326
326
2622
2827
3618
3723
3875
2581
4226
3340
346
5523
4352
232
6030
2652
4854
2831
2160
2160
4340
7304
7305
3715
6530
2705
2577
3448
3444
2323
2701
6280
6328
304
2350
7325
3444
4754
4873
4220
2873
6612
2825
7310
4673
4825
2464
2620
0822
3064
2442
2580
5501
2337
2443
3124
2068
3375
2158
2330
2630
3206
4074
2483
0822
4350
5223
6056
356
560
4886
4746
6258
7306
4735
5213
7163
6330
2171
2630
47
4702
5602
4854
4852
2484
6056
636
6056
7171
7030
3666
340
4860
2358
521
2632
7325
5256
3678
4310
2330
2656
3500
3502
3501
3501
3500
5031
5031
5237
4415
4825
4310
6575
0822
275
3082
4886
275
4807
6714
2440
4670
6232
3352
5231
6330
4820
6056
2168
7030
2324
2000
2325
37
5280
237
254
4357
4357
4357
0810
3572
6336
4888
6716
5034
278
3304
4357
4702
357
6525
430
6330
2880
2214
2380
2850
2083
1565
2061
5602
2538
4064
254
0822
6507
0872
2666
4702
482
5602
4886
5431
3575
3568
2770
6336
2320
530
6030
6503
4311
6315
3352
4722
630
4722
5440
3324
521
4816
6522
4625
2372
4380
3287
6312
6701
3413
2312
3351
0852
3276
2720
0822
5575
2287
3537
4872
2533
6532
4478
2462
5654
6462
2830
5415
2566
2566
5422
4575
332
6725
3862
6330
2548
356
3415
140
2228
5700
4754
2330
3871
3871
4677
3722
2264
6061
641
324
4871
2665
244
4361
2050
4852
4874
3132
5062
3132
5062
0832
275
211
4465
5632
3355
5043
6740
2330
2430
3608
5602
4053
3573
340
3701
2575
340
4570
4875
2731
516
5253
635
6603
3401
5353
2480
502
502
502
3816
3240
3825
3825
5278
4551
4605
2550
2537
4070
3231
2370
2550
3666
2536
2850
2775
2538
2422
2830
6506
0810
7310
3381
6401
634
4671
7304
2372
4214
3718
7140
2460
3472
3666
6475
3352
620
2842
253
253
3575
2866
7304
3673
4670
4881
4807
1660
2103
2738
4630
2480
4285
5254
5254
204
5342
2111
3800
373
5277
214
2540
2430
4671
4611
3433
2622
361
2622
2470
5417
2675
2850
6338
6450
2415
6537
4570
4626
3860
384
4556
4515
3127
312
5134
7330
7018
7304
5172
254
2482
2820
5253
7320
2217
3851
304
4630
3765
4370
4413
7010
7321
4560
2483
2337
5432
633
4510
5607
4455
7140
2370
430
6317
2820
246
4406
3224
2850
5732
4671
3477
6504
2540
4570
4557
4553
4553
3465
2734
2665
4312
4887
700
3478
2337
2337
2627
2353
2710
6503
3825
4605
6567
2440
225
2450
303
3055
2472
2083
2250
4630
4714
4406
6320
3450
3465
2453
5558
5558
5558
6532
3612
6510
318
314
318
3213
521
242
3314
4340
2648
2804
4314
2340
2021
4670
6503
1875
2170
4305
7321
6522
275
3610
4506
7264
6425
2443
4670
5301
7325
3523
3862
3673
2650
4870
333
5332
5332
4105
3138
362
362
3616
2640
2440
5355
2422
4416
2710
4744
3764
2666
6083
2550
7030
6623
4506
6304
5431
6258
315
2400
4886
3058
3055
4871
6530
4025
5320
4370
6701
4671
3301
3240
7307
4702
4702
2264
2264
6062
643
5371
2105
4170
331
4825
6221
7018
3860
246
2321
5162
5320
5043
3334
3387
5671
2223
2137
3272
2538
3482
4343
2446
270
2325
2700
2537
2537
2370
2660
4468
3840
430
5641
2088
4820
6012
612
4387
5214
2577
2878
3885
4873
4873
2537
4570
4356
2426
2733
0830
6351
4455
6525
272
4310
370
4680
6714
2567
2820
4514
4701
2820
2650
5251
6324
5251
5251
5251
4287
36
3363
5275
4313
4341
360
4455
4314
3352
4742
3675
5418
541
6522
3740
3723
642
3781
527
2484
3324
4312
3523
3370
4871
6410
4702
5267
4741
6010
6330
3350
207
3377
3377
4370
274
5210
630
4804
2420
4804
4573
2631
5671
4066
4165
3024
5351
4306
5654
3767
2632
4353
275
4625
2320
4514
7252
3334
2770
2770
5607
3381
3217
5607
353
353
430
3352
330
2250
6330
4357
3351
4472
6532
376
2580
7140
4340
2824
4850
3461
4310
2850
520
521
521
521
4705
4872
2424
5155
4285
3371
4520
4122
4122
4312
6426
6302
6765
2824
6016
615
3350
6082
7325
6528
6426
3472
2877
5607
272
6525
3741
2570
220
4454
2786
4401
4825
4825
4825
4825
6426
5211
0874
5670
4740
4800
2500
4807
2526
4515
253
2850
2080
4350
270
465
4625
6050
62
210
2200
0872
5271
6333
2575
7140
4350
3468
4814
4818
4352
4723
3441
4854
6356
6638
5210
3646
4674
4800
4306
284
246
4362
334
4754
5374
4606
527
5353
4521
4550
6330
3352
2365
4465
4361
4871
4714
3240
4403
4340
482
4871
4715
2577
3301
6112
4211
4520
7007
6447
5255
6302
2330
2787
4074
5064
4741
251
6426
275
4741
4671
486
251
3350
4521
4740
5235
6153
4800
2170
3364
275
4350
3305
6112
2311
2774
6333
4802
3352
2330
7170
2360
3236
2500
4520
521
2446
7120
6751
4868
6355
4818
4314
4625
6383
4811
7000
4370
4871
480
4343
4370
4311
6530
3844
3875
5461
2828
2330
4677
2758
3777
5244
4380
4356
4650
2178
5440
2786
2325
2323
4340
636
4340
3342
2484
4207
2528
314
5670
630
2787
2250
4347
5723
2786
4804
0872
3723
4355
2644
4557
3156
2758
710
2480
2460
388
4718
4858
4858
6472
273
324
4877
7248
2571
4405
4574
351
5271
3732
3477
3377
2787
4606
6501
4461
3644
6503
3451
3462
5680
2850
4213
3737
4564
4600
6770
0810
4306
6225
647
4703
4703
6714
2323
4401
6751
4630
2745
4341
2756
3170
4807
5255
2877
2476
2825
2352
237
6027
6252
2850
5608
2456
2644
2825
4670
6630
6430
2582
2800
2622
2482
2482
5733
6401
2647
2871
5440
6225
3304
6401
2820
2824
2550
2580
246
430
4740
6721
5700
2540
6073
6073
272
2653
5340
6123
4812
2720
4860
5214
4285
3635
5555
4626
6443
4626
5270
5270
4718
4467
4467
4886
6225
4650
2440
2850
2406
2406
6450
2715
2423
4630
4671
4352
4570
2420
5115
3268
5115
5115
5115
3862
4854
4125
6166
6420
3315
2658
2624
634
4172
5320
3610
6630
3610
3610
5607
6150
6317
7178
6401
2864
3218
4605
5642
3747
560
3544
3551
4352
0872
3401
357
357
2546
2705
3586
2825
5253
4814
5253
5254
5253
5253
5253
2734
2642
4875
2708
5481
4854
340
3586
2281
4370
2325
3512
2622
4854
2672
3885
3717
2586
3243
2652
4312
4503
2582
3163
284
2630
2587
2338
5340
330
2337
4470
2484
2484
2484
2333
3461
3461
3557
7264
5221
2333
4816
2880
4872
4307
5440
4732
2722
3533
357
2403
2423
2681
4415
2630
7325
6220
3304
6207
6154
660
3556
2454
2460
5153
2481
2540
3551
5254
5202
5202
3341
3732
5064
725
246
3551
2550
2713
3851
3736
3737
4800
2580
6450
3518
4812
2546
357
2264
3641
7330
6532
2312
7260
5440
2551
560
3608
4570
5354
5083
5360
6350
5252
0810
324
3646
6485
5255
5558
6338
6512
6207
4560
4560
3847
2448
6521
2346
2450
4615
6330
3533
4405
4722
6537
6215
3781
3312
6414
6522
344
5210
4416
2722
5277
4407
2582
4701
3561
6275
6532
5550
4874
6751
3860
6330
237
275
3352
5540
0872
4874
3812
3812
7256
5271
266
6532
4504
2250
3778
323
3315
3525
2567
2567
636
2065
3707
3636
3277
3277
4352
6532
3266
2325
2546
6532
2551
2101
230
230
2604
2666
3824
6302
283
2700
2582
3483
323
2583
253
20
3285
3805
3804
3804
3805
5523
6326
6312
6312
2821
357
525
220
2800
247
3638
4111
340
7140
7321
2570
3465
4211
6281
525
357
2470
6165
3384
3352
3832
6440
5374
4671
2326
282
4488
4742
545
600
607
60
600
346
6336
7304
6353
6031
4570
3463
6503
3831
3831
3832
3832
3831
7054
3570
2831
2536
481
36
5540
2550
2765
322
2315
7330
2324
2876
6485
2340
521
5732
5223
4860
4211
4211
4213
2680
6450
4701
2622
2423
6630
6532
353
2622
2545
3351
3350
3373
3418
4650
5062
254
4756
5301
5037
3413
4614
2820
4514
4570
208
208
2453
2826
27
4361
4680
4124
2577
2483
2550
4303
2348
4005
3438
4858
2472
2305
2305
4876
2346
4671
650
7140
2474
5015
5333
5554
7008
2365
5357
2460
3825
275
3551
3458
6475
2300
2300
2308
0862
2302
321
6355
2447
4873
3268
3442
325
2127
3350
5223
4804
6251
3875
3364
3364
6753
4051
3886
270
270
7248
2106
3015
4020
2106
385
247
2360
3462
4006
7250
5074
2370
2042
3220
3351
4305
4350
5374
2627
5302
0852
213
3418
0880
0881
2250
2354
213
7112
3501
3882
6714
3042
2733
7315
2480
0810
0814
4655
5238
7212
6044
6288
3821
3821
2480
2631
2628
3533
4740
4561
4285
3518
4702
4714
6701
4511
5560
3351
3527
6350
4551
6208
2763
3268
3268
3268
0852
5114
0852
4477
44856
54856
6485
5168
5168
4360
4218
2484
3174
3174
442
6225
6415
6532
6061
6312
237
4816
3833
7306
2835
0837
440
3265
3265
380
380
4417
2732
2415
4567
4565
4566
4566
5276
340
2263
6062
2263
2281
28
3214
4701
4170
2076
480
357
5204
6333
3682
6415
6443
5006
5006
2640
4620
2484
4561
2324
2260
6412
203
630
2536
5556
6020
620
3550
3458
2450
6424
2026
5417
4304
2840
6237
4356
4370
5048
2443
7150
444
6353
5223
6445
2470
6163
20
6207
4570
2453
2121
6532
4741
615
3215
2250
6254
4660
2443
5018
7000
7002
4305
4660
6280
4885
6410
2155
6352
648
6163
6353
450
22
7268
2480
4740
2447
4352
4280
4552
2100
3051
5558
7315
6351
2546
2101
2541
1750
2151
6006
606
6701
5037
2754
3187
2151
2335
1670
2113
1670
7260
5607
2444
3214
2760
2408
6338
4183
2137
205
2060
2060
446
4272
640
2340
4305
4350
6488
240
2074
2650
2076
638
3678
4810
3113
5320
6707
6473
2068
2500
35
2471
2671
6487
5558
2868
6208
6401
6535
2622
1560
2063
6003
6865
6262
3070
7307
6532
5253
5085
4013
5085
3072
4350
605
2152
2066
3660
5136
3377
4670
2787
4208
2153
4356
5067
7250
5067
7275
3168
5357
5040
3887
2354
6032
346
7306
3585
2386
2541
2541
2541
2540
2540
2587
7184
4014
4014
3737
660
7256
7172
3463
6480
4314
2325
3435
6758
6330
2360
560
3268
3268
352
2551
284
6450
2540
2424
2628
2550
0822
2630
2484
4211
2480
3636
725
3131
4012
2484
2340
4380
262
640
2551
2551
30
6630
6566
5680
386
3401
264
5355
5523
3401
5256
3888
30
4352
6341
354
355
0872
3533
4871
30
0872
2831
2460
2825
2646
387
2804
3585
4626
4860
275
4680
2602
6163

5158
2606
4275

5166
4877
252
252
3046
4811
560
6532
5243
2570
4605
5086
701
4741
4401
4714
270
6121
2320
2320
2761
4650
2646
3063
5046
3166
3166
3167
6208
7303
2620
3540
4600
2765
2360
4670
4285
2622
2117
7120
2223
521
2365
2330
4417
2650
2787
4574
2868
430
6333
3880
3226
6027
2483
4521
7320
0822
380
380
6535
4706
2340
4613
5440
262
2430
7017
246
5341
4626
2540
2474
2161
2652
236
5168
656
5161
2440
4362
3701
5238
2146
6121
7325
284
3788
2325
5725
2337
4352
3241
388
388
324
2316
4305
2711
5114
6336
4428
6336
5163
5163
6710
5422
5734
2581
2871
4718
6740
7325
4811
4740
2875
4735
2800
7023
6431
4455
2570
6330
2800
4715
2800
2800
2380
610
4455
6503
2570
3888
2748
634
6770
6167
3284
710
7172
2540
4722
4741
4208
4208
4160
3204
5431
3631
275
2656
4806
5017
6017
616
617
6017
616
361
7303
6285
2324
7140
2321
7017
2508
4313
5013
5440
2650
2258
2640
7140
5018
351
340
3738
5330
5082
4650
5460
4741
2337
4210
4742
2100
2711
2824
203
3678
4075
3678
2430
2760
2340
2225
2318
7150
4674
3413
3268
4218
465
4703
2428
4564
4211
4865
2880
6025
2021
4064
246
2632
4880
2577
2620
2653
2211
2211
5271
5245
246
2614
2337
5172
2338
4740
2035
3551
5357
3810
3810
3810
7255
2632
4287
2622
6258
4374
2580
275
5670
2404
23
5254
4110
4810
4650
6335
2108
4221
487
2258
4800
4816
2258
6328
482
5237
6225
2463
2463
275
0830
0831
213
4860
4352
2484
4553
2482
4555
4751
6157
657
6157
661
2232
7310
4816
0862
254
254
4352
2430
2648
2213
2825
3512
5641
3265
6716
5041
6384
375
2800
2446
0872
0872
2648
506
506
503
6754
5730
5132
2360
3477
5075
6236
7306
3851
4216
5106
5107
5108
5558
0804
0820
3240
5422
7120
5203
6721
5501
5303
5340
2738
5201
4701
7320
5043
3114
4125
4125
315
6426
6081
2600
2870
2580
6434
6233
7304
4702
4115
4560
6180
7320
2768
4417
4825
5063
2337
3052
4214
6147
2540
6167
5422
5220
5301
2123
2124
2150
4870
2150
7321
233
4575
6333
5575
5311
3340
5042
3315
3044
3044
4721
5552
4380
3444
3444
5333
341
2478
2421
4570
725
3564
0872
2256
4311
3204
317
3318
6076
4800
2628
7172
7120
2325
623
5070
5070
2325
6612
3880
6638
2871
6333
451
246
4850
4306
286
6642
4721
2630
5301
2210
2210
2607
312
2477
2256
5607
6065
7256
3851
2250
2536
4352
5304
3678
3678
6710
275
4184
2583
5374
6260
4885
7256
6714
2583
5431
2327
4415
7030
2281
4413
5222
521
6230
4551
5238
3727
2325
7150
6260
2446
2145
2145
5121
5121
7316
7171
1715
2120
5222
5013
3235
5277
560
5353
2750
2751
2750
2750
257
2222
328
3586
4816
3341
4625
5453
6011
6271
4352
3478
4573
4573
6620
2550
6324
2624
5680
5713
6168
3413
5308
3862
2775
4352
6000
6001
6837
6838
683
6840
6841
6842
6843
6844
6845
6846
6847
6848
7300
6105
684
6000
6831
275
6258
4560
710
3270
5422
5016
0872
204
5571
4871
5267
5680
4502
4000
6468
3233
5252
5351
3757
4702
2574
2256
2606
2036
4626
2321
4655
2340
2342
260
2850
357
6112
6572
5151
6430
4428
6076
4352
6076
2251
481
2213
363
363
2571
622
622
4570
3833
5680
3533
4355
6076
6315
3407
2824
2486
3351
246
5340
4380
4380
4625
4650
2462
2388
2627
4361
5720
5661
2478
4812
2478
420
4615
3401
4860
4568
2720
6631
2361
478
2324
2648
2824
0847
4670
541
282
3573
526
4416
2714
3631
370
4306
5571
2343
2630
357
082
4355
5460
3200
4754
314
2810
6357
6308
6343
6078
6208
406
6450
4702
5641
4008
5400
2370
5275
2810
4741
284
4815
5304
2281
6623
6317
4825
7264
384
4650
2470
0872
2446
7254
3444
7252
6722
3585
5540
3723
4405
324
3351
6608
2323
2756
2756
3360
4356
4825
4343
4355
4341
2658
5277
2172
300
7140
4741
2761
3335
6431
5038
5038
7302
4573
5607
2250
3030
2250
6208
316
3225
4183
5601
5601
525
5374
5573
2027
6720
5577
0822
5256
5575
4655
3212
225
253
2320
2440
5670
7116
3585
5453
2630
525
3260
324
3260
2580
2648
4568
3381
3571
5238
5238
2818
7030
710
4454
5655
5268
5330
3312
4650
2648
5607
505
3352
388
388
388
630
3461
3740
5222
482
6324
5015
6330
371
46
5552
7182
5700
5701
5700
5700
5601
2036
5522
326
4700
5540
6525
4877
5212
3284
364
5501
545
5602
222
6721
5558
7116
5580
2505
6172
5671
7321
5606
5607
5606
521
2444
2444
5238
3207
5576
5604
5167
5167
4178
5700
5540
5540
5540
5575
7307
5573
5581
5550
365
5173
3223
5416
2538
2787
2847
3305
3305
3305
344
4870
4875
2430
247
6167
4352
2545
270
2143
1335
2011
248
248
36
377
3312
3517
7300
4352
3181
3181
3572
4821
2176
3666
4370
4650
7185
2381
4311
7325
7316
3072
4352
/
4800
7315
6215
6225
3072
3072
2170
2257
253
2710
6285
5570
4127
2502
7173
2621
4350
4875
6740
3054
326
7306
4660
5550
4800
2148
4715
5082
7250
5082
5201
7250
4613
262
2666
3662
2350
0872
0822
2460
2810
406
2650
2484
6308
216
2460
724
4357
4876
5680
5238
5353
3271
328
5680
2430
4306
2357
3278
3278
5238
6770
4356
2112
2850
2330
3521
284
5333
5333
7216
5652
2073
3575
2850
2540
200
4218
2550
6383
2763
5322
634
3540
2831
722
7304
2828
2665
2721
3030
3401
3550
2620
2620
2620
2620
6281
1230
7000
2022
6107
2850
206
3225
384
5014
7467
4820
623
6405
6302
4724
2580
2632
2622
4480
4403
6281
631
6258
6030
2343
2343
4670
7310
5433
2325
2566
4740
521
4305
4307
275
3373
467
7305
4810
3424
4581
2430
2440
0822
2454
5322
5322
710
0822
2460
4358
5575
2217
2217
351
2642
7112
2031
710
630
7255
2380
4352
4806
4515
4806
2370
4405
3132
4350
6530
4817
2287
266
2701
4154
5204
0810
246
4815
4287
2283
3465
3465
3023
4352
225
4888
6346
2824
3453
4816
6208
7250
3453
2330
482
4630
2446
2422
6434
2321
3825
2830
3880
2324
2324
3570
2571
710
346
5255
6503
2430
2347
2603
2720
2824
337
405
4413
6056
4701
337
7304
3371
2370
482
2456
2577
3350
2446
3477
4301
6721
4312
4301
5502
2330
3523
4020
6104
4020
2370
3444
2016
4467
4605
6286
220
5521
4671
4165
2646
4870
6327
6327
7330
4660
4350
507
6640
2330
3658
4227
5275
335
385
357
7304
2550
2666
37
7256
4552
5502
6507
4341
5010
542
3072
2143
4118
2745
2612
5118
4816
4625
2586
2622
6280
7258
6472
5280
746
5341
5341
5341
5341
2646
2722
5008
2575
2480
2454
305
2484
3073
6076
2355
7254
4723
2212
2212
2212
4702
3858
5161
5161
7304
710
3517
2630
2138
4718
323
3377
7120
5412
3385
7316
3480
3480
3480
2765
205
2580
4077
2753
3121
4740
4822
5033
7025
3121
2480
4820
2753
3121
3518
3121
2323
3431
507
4702
7054
4563
6030
7321
5008
4311
3666
2472
7263
6258
4565
2646
3134
4343
3135
3134
4800
4306
3818
3215
3185
7017
5540
5540
7016
4807
4655
4680
4280
5253
5253
4074
2850
5120
4626
2444
3401
7250
3860
4470
2765
4385
5412
6148
2372
6103
2066
4303
2210
2611
2330
4310
2360
5276
2577
410
371
5381
7275
0822
275
4226
4226
4230
301
6330
354
354
354
354
354
441
4123
4123
7248
7170
3561
5464
3442
2630
275
2480
3335
2216
4700
4700
4701
4700
4854
6168
668
6168
66
6168
667
3401
4106
6751
4106
5254
275
275
3364
4344
4510
4343
2632
4350
6532
5280
7321
2371
230
4357
2357
5254
637
2550
710
2628
5381
225
3377
4873
4874
5238
2358
2372
4701
2046
4678
4370
6718
6725
6226
7330
5571
3821
701
3330
3351
7306
6111
2441
4702
4816
4455
7320
3434
2422
2766
4343
235
2760
6285
6285
4401
3084
202
7015
2030
5067
3678
2534
2630
2480
273
2474
2474
0832
1445
2018
335
7470
2320
3285
33
2536
3847
4674
5350
7140
2142
4370
216
4740
2560
2632
4560
4811
4370
3385
5275
7010
4340
722
7277
206
206
5013
5013
3737
2446
2652
4340
5371
2580
3564
7018
7018
0873
720
3351
4570
4816
7213
3377
243
2336
2621
4812
4703
5072
2557
6401
4702
6148
4356
485
5073
3477
2320
6620
4022
2675
6161
2336
2336
2330
2158
4677
7320
2484
2846
4718
2477
2477
2155
2650
7270
2387
4810
5352
2484
3340
3178
3064
5725
658
402
1225
7213
3050
2065
5014
2620
4515
5070
4671
5070
203
6280
3712
353
4380
4670
4702
5642
6532
3666
2648
2583
2474
4674
0822
2580
4216
4113
5000
484
361
4287
2850
2536
3558
4615
710
3388
4740
2560
4521
2011
2346
2460
3612
7264
2600
4184
2046
2517
3331
2320
3685
2480
2658
4825
3875
635
32
270
2116
1680
2112
341
2586
4361
2283
284
3810
4413
6280
4401
2756
2756
0870
2533
5413
2168
4305
616
2456
336
4875
3461
3556
3461
5461
2317
3850
3853
3852
5255
2420
4107
5108
5108
4107
510
510
510
5108
5108
510
510
2358
5106
5106
3517
2850
6445
2318
5264
6152
5401
5433
2430
7186
3673
4520
4520
4520
5114
6163
4520
2650
2262
325
6210
2446
4212
2540
530
2428
5255
5237
7150
3312
7020
2304
4017
4017
357
377
3550
4740
2700
246
5571
5356
2463
3462
3171
6330
221
311
4701
6532
663
4511
7005
7006
2456
4361
2338
2835
365
4515
5350
2460
2372
5275
272
6535
2372
2333
4871
2172
35
4615
2646
221
0872
2360
2450
4702
5222
4275
2251
3858
4737
4737
4737
3875
2622
3787
7307
3787
2350
2350
4818
7321
2646
3723
2474
2452
2326
6074
4822
6447
7215
2515
4020
601
622
4655
3351
5680
5311
2756
2762
6285
2337
7330
317
3176
3352
7330
4570
2648
2105
3352
6333
5153
6288
6275
6244
2338
3267
2330
2447
7260
4804
4313
4478
4570
4356
2614
7256
3533
6042
3028
504
504
3851
5047
5047
318
516
516
516
516
202
4741
2324
2286
3018
5223
2423
3851
3858
5023
3821
504
3556
2666
3356
5280
5204
6173
5353
3011
5223
3011
2330
3551
2460
2162
5083
2337
4876
722
315
4630
4816
5174
5174
3737
4824
501
501
501
5268
3234
5355
6330
4754
3517
6125
3420
1730
2147
4170
7170
2440
5453
4344
4073
4677
4820
4380
313
313
6112
4570
2470
3660
3661
7215
3660
6386
2800
6333
3821
4128
2428
2770
2747
2747
6262
7030
2470
2370
2460
2630
388
4873
6537
2463
4670
272
5267
4818
3377
3331
5371
3666
5581
7307
270
332
4515
7306
5158
3515
4874
4157
332
252
4855
3701
6148
252
252
2261
4551
4810
6008
3461
3630
3632
3631
3631
378
5607
5301
6714
2440
2450
2474
4075
5267
480
0830
2315
4750
2535
4702
616
2787
316
7320
4017
527
2307
6225
4802
7270
3444
6280
2372
4304
4856
4854
375
4800
4352
6210
4385
4872
4124
2752
4307
4605
322
4401
2880
5204
2128
2264
4370
4454
246
3266
7150
3888
3465
6065
6450
2330
6175
2330
2330
2775
4073
4556
6437
7321
7325
246
6426
3233
3233
2478
3260
2440
3518
2481
3361
377
5072
4671
4127
2710
4127
4740
4370
3477
5607
2483
7186
3364
2567
2624
6258
2164
4878
5114
5114
2164
4385
322
2460
2474
2484
3760
2428
7330
2440
3364
3741
5680
3351
3351
371
3351
2824
2622
5520
2628
7054
270
275
3350
4825
2317
5641
5540
6207
327
2250
4876
/
7322
4312
2340
3062
5044
312
6430
4470
4382
7172
7140
343
6020
2640
244
2460
7022
2478
275
4670
6424
6432
270
5048
4101
4101
2880
7150
6230
7320
6421
6701
2034
6317
6411
35
2536
4615
4680
2473
7330
6162
3220
4680
6317
2483
2460
2142
6528
6055
2722
2480
2365
6722
7004
5550
2221
4860
4660
485
6430
2440
5573
3015
4670
6352
6368
648
6164
6353
724
2480
270
4740
4280
2320
2756
3205
4852
3752
7264
6635
2484
4615
6355
7315
2541
254
2750
6151
651
6151
6701
5038
7315
3260
6383
7316
4306
7310
7260
6324
4216
446
640
2340
4350
4810
6488
4680
2074
482
2145
2431
3006
2756
2550
4702
3141
6487
6426
6532
6208
2460
6253
3006
4363
4871
5280
6401
3283
4820
6426
6110
2460
312
0822
4215
710
4215
710
4215
4570
4406
5454
6530
7315
3461
6163
5345
3488
4613
2284
2735
3585
4881
2615
5271
2775
6330
6401
2820
2454
2088
4630
4306
2640
3015
4825
7315
7310
710
4352
2800
4343
4361
/
4420
2570
5453
2850
2470
3550
5453
2500
2800
3444
4000
4004
2370
4300
2388
2343
278
3352
4213
2666
4380
2641
3351
2250
2630
3434
3544
4300
5062
6525
7260
4300
4300
3682
4804
3364
2618
6308
2800
4356
4722
5235
2650
3171
4405
3172
2777
4127
521
7307
4671
507
2775
3021
321
2566
3761
341
3478
3477
3477
4352
2330
275
35
5011
2850
2622
4487
6728
5064
2540
3620
3088
3285
4356
4650
7216
478
2560
3401
2257
2075
5252
2075
3727
6102
5373
2176
3182
4671
5110
3183
8004
8008
3182
3182
5356
4707
150
2065
3223
7250
4067
4067
4650
170
2760
5042
7215
2760
2760
5068
2031
2044
506
6302
4405
482
371
4053
4053
4053
3351
361
6181
4613
4821
4702
2360
2705
2327
2335
3623
2768
3623
3747
5415
7331
5453
2048
4514
236
2371
5582
4380
4702
2508
2508
0822
4207
485
270
5000
3340
337
7306
3380
2710
3775
7140
3775
5413
2631
3331
4207
5356
5433
506
7030
4873
5271
3725
4702
2337
275
2443
7216
2611
383
5152
6021
6271
5710
6338
3862
4625
2725
4280
5410
2322
225
4871
5355
4344
4703
2460
5460
3373
5330
2484
4823
5223
5480
5352
3218
2370
4357
4730
7120
4612
3373
4356
2580
4120
6081
711
2480
2550
2850
3371
357
4514
2734
7252
7310
5066
3260
7306
4380
7184
7213
4860
2487
6714
5461
7321
3851
7468
3461
3533
2422
3862
4870
3658
5255
6530
3622
6237
710
3666
242
3550
4800
3312
2470
630
30
2135
4742
2136
3551
713
3301
3364
3641
3041
3041
2615
4500
4500
3338
6056
2012
5680
2526
3351
6721
4116
7140
2611
2425
2420
2415
5271
4714
350
7255
0870
4811
5320
3477
0820
2820
2441
2852
2710
3152

5223
482
5047
6770
5417
7140
6008
6008
604
6164
664
2481
2420
3234
4380
4800
3658
3885
4413
3352
7316
5583
2130
2421
2800
2440
7250
4341
225
322
5141
3057
4074
4074
2777
4680
342
3658
322
4860
5322
275
4605
410
410
410
5422
346
5353
4737
5253
6256
7305
5552
4567
4825
6530
287
322
2264
3020
4655
2536
4567
4560
3020
4558
3020
2820
4417
2536
322
4217
2536
7116
7256
5126
3127
3127
2010
7116
4655
2540
14
2232
3477
5374
3331
2620
3530
2577
3448
521
4743
4670
2324
2471
3225
7252
2462
4370
3585
3585
3225
324
7275
303
5354
2370
6056
4306
6010
2360
4371
2540
3673
5253
243
4807
2281
710
2281
7120
3477
3480
5270
2325
386
2044
3037
2000
2001
&
2020
2020
212
2127
1235
2224
2224
2224
3575
260
314
4610
3875
2420
2472
2652
3607
7325
2640
0862
4605
4680
4285
328
4285
246
225
225
3714
3301
3315
3310
2324
2573
4018
5260
6324
4671
7325
4655
6710
2447
7263
283
2720
3371
6302
6302
4823
5311
4650
4362
361
640
5670
6701
4213
3701
3700
3700
3701
3701
365
2852
2762
4228
4228
4340
266
257
2540
2453
278
2430
3634
2640
2481
2463
446
6532
6030
2026
4570
2441
2381
2850
6320
4478
383
3885
380
4270
4272
3858
2340
3675
366
366
640
6472
4285
4285
2340
4128
6770
4556
4481
4703
3260
3571
6415
4650
4570
4025
361
2488
4821
231
2550
3825
3833
3825
275
4680
4372
4601
262
5280
3764
2550
2731
5352
3478
324
5017
2540
5311
6065
0872
2665
4421
2653
3447
2580
4680
2580
4311
2787
4703
7180
5275
444
2372
2428
3666
5701
6530
5431
2652
6628
2430
2430
2430
222
725
464
3451
6353
4068
5411
7310
2580
3551
302
5413
3670
430
4314
4615
4420
4703
3265
7053
5277
371
2550
4121
7140
4702
3363
4702
3414
371
2518
3775
3678
3315
3463
3315
230
3301
2322
3283
356
356
4885
2250
5171
2471
2550
3673
2650
3616
3616
3378
4674
5235
367
368
725
213
3713
2447
2316
4850
2586
3037
3038
5330
4740
2324
7017
501
5238
357
3160
4650
3527
3527
4620
4314
4423
3328
6213
3401
2320
2441
0872
6762
3730
4680
7264
4630
2117
3420
5540
2440
7330
2666
2044
5371
3106
3107
4310
348
2250
2323
2824
384
4005
6632
0860
0861
0862
2754
3572
4105
5022
2111
2365
6322
2372
5254
2284
3264
2480
2540
282
5072
371
253
5421
2818
2474
2484
2830
2486
3525
2422
2084
4387
3575
3573
2260
2400
3260
3821
2478
430
4565
244
7321
4385
4385
4670
4306
2350
3527
447
3825
4370
4370
4716
2680
442
2620
2620
2365
3154
242
4340
4355
2425
2630
4702
2480
4701
3268
4570
2758
4650
2261
2261
4373
2466
0870
2472
2650
4061
4825
5271
0820
7216
2476
4370
2365
4406
384
2444
4373
3851
4370
2300
3851
221
4700
275
6556
4740
4625
2831
2787
4714
0820
465
2570
4570
372
4707
2388
4357
5577
2460
6237
2483
276
4700
5172
2620
2474
2655
2000
275
2463
3265
2754
6167
4377
2006
606
2460
5031
4570
205
471
246
4721
2570
560
6711
4650
2347
2572
7307
2515
361
5554
3074
5501
4702
321
3825
623
3726
4800
2454
4871
3071
4380
4158
5082
3335
4164
5280
2120
6108
688
2322
3712
4341
4873
4352
3835
3824
3707
2625
377
4630
4824
651
5552
214
6401
2444
254
2732
4376
2447
2640
4817
4875
2731
0872
2622
4650
5607
2422
7120
2880
6532
2870
2850
5555
360
5571
470
227
5440
2546
2350
5275
231
2840
2372
3885
0852
2551
3268
3268
2340
3561
2338
3465
3465
4580
385
385
4650
4650
4872
4563
6361
0853
2835
7054
2620
4173
4173
236
220
6333
4608
4455
4650
2430
2546
3708
2478
5266
2352
2428
242
4405
2424
2580
4671
2422
0872
3542
0822
4305
0810
0822
0872
0872
2421
2714
7030
4702
7330
7301
482
354
262
5256
4882
4820
2650
7007
3723
2622
3707
6751
2322
7262
2537
2337
2633
2622
2540
2484
286
2470
2446
2817
6244
3621
7260
2527
380
386
3815
5042
340
4850
448
3522
6566
2864
4313
4655
4818
3614
3614
3777
4570
4370
3337
2736
6312
5607
2534
3551
3860
3401
3285
6532
4680
2475
282
2642
3825
4012
6336
720
4816
4625
2146
3856
2146
2830
4816
2474
5255
362
5253
362
380
3142
5065
2734
2817
4510
30
2452
3833
2440
5607
341
2550
2655
4066
4066
4350
4350
4350
4350
4352
4350
4350
4350
2261
4350
0852
4885
2423
4662
6330
6330
2283
3228
4655
2607
4816
5015
5062
5203
5031
5031
2371
4350
340
3562
2358
2421
0822
3821
3888
5413
5413
2850
5250
2873
3012
3477
2622
2263
3363
2460
6432
2460
2550
356
3527
3527
4560
3283
4820
5353
4810
2463
6311
4341
4810
4810
4810
4810
4813
4825
3707
3707
2518
2580
3824
6431
3824
3824
357
2620
2823
5073
7018
5073
3844
3844
3844
3032
7250
4570
3373
3660
6488
3477
4850
6164
6284
2480
2770
4370
3785
7263
2460
6333
3458
2738
3458
3583
3584
7250
286
710
746
2850
275
353
602
6244
487
5068
487
5158
4714
7330
302
4874
2875
2666
275
5356
2472
4650
4650
6060
63
2365
254
3888
2462
4570
4411
2480
2477
2480
440
2583
315
225
201
225
2422
7310
4224
7260
5607
3384
7321
2732
3043
2874
2540
2480
266
2527
2400
4854
4854
2463
2653
2261
0822
272
240
5605
4352
2720
4888
2720
2720
7120
2480
2428
3728
4702
5236
246
5203
7120
7254
2480
2714
2548
4357
2850
4678
6426
2537
2612
7315
2440
7267
3546
275
2630
2537
2074
230
4742
2205
3488
3488
360
2650
5065
6280
340
2485
2486
2485
2850
2324
2540
275
2410
4564
4570
2852
6037
5501
3658
313
2481
2484
2484
3533
7140
3844
2484
3444
3444
2460
3813
3813
3586
3586
4467
3285
3285
5671
2453
3533
3533
232
4680
6462
6460
5422
6220
4875
2484
2357
2850
6436
5607
5114
253
2850
3370
3318
2462
4702
2450
2232
541
3544
3544
2007
3641
7315
5633
4876
0822
4352
2257
0872
2526
5451
362
2420
350
4380
5032
411
7268
0874
4285
266
5607
5005
2617
3010
2351
4072
5061
5061
1466
2052
2474
5434
366
2311
4883
2404
7212
406
7320
2483
284
4510
623
7315
2756
420
2482
4402
2460
2456
2484
4873
4860
2336
4454
246
2486
2474
7214
3156
2460
4344
4370
4570
284
361
480
5131
2474
2347
4570
2577
2577
2415
4055
2430
4352
3673
2775
2482
2250
2346
2470
4122
630
2423
7321
284
2450
2446
4361
4355
3756
2441
2336
3673
7215
4850
7321
5156
606
2447
4343
2475
275
4477
6258
4370
2482
7150
4614
243
3664
3158
5142
2477
0852
2358
2645
4655
2656
2656
5573
2652
282
2475
2611
2611
2620
2484
4655
5064
2455
6537
6230
6530
4871
2447
560
7140
4465
2421
4561
270
5081
4352
3860
2280
6532
4715
2454
4742
2448
2448
2777
4850
503
6330
6355
2566
4227
4860
3407
6280
2030
3451
3401
5311
0852
322
4630
356
5607
4347
5245
4285
4285
2440
3133
3133
0822
4306
2550
7112
5603
4562
3814
3833
457052114361610067
4751485032441654165
0852642324714045706432
3084
2388
3084
2163
4514
4814
2540
5352
4343
2765
351
2423
366
0834
4014
5120
4014
501
3325
3325
27
6230
6056
5223
2172
3885
3637
3551
326
3678
4076
225
2546
7030
636
5640
650
6515
2474
0822
6407
0803
0822
0810
6215
2650
2650
2651
3646
6530
6315
2257
4513
3687
4625
3608
2076
5330
616
4420
3401
4404
3887
4872
2077
3544
5211
2443
0822
2278
2176
4154
2710
3385
275
2642
2354
2354
3678
2800
6510
2832
6422
3825
3825
4462
4872
6528
5238
4650
4751
4670
356
5081
356
356
508
5254
265
2343
2430
3352
0872
3303
4310
2650
2745
2546
381
2550
5661
2320
3387
3387
4850
2340
3756
2422
4383
2360
2675
225
6721
2420
2420
2618
4702
5556
642
5554
5556
4671
2588
2845
2665
4655
4655
3351
2428
3222
2428
6076
625
4306
5431
2287
2287
4570
4428
4428
4428
3401
2820
3463
6330
4714
3875
3507
638
6280
4854
4856
4714
5264
370
6460
6084
6363
2537
2830
2260
2620
275
2630
6383
5700
4512
4512
2840
3612
0872
5310
4700
560
6532
3216
2540
5523
5523
2550
357
2360
6308
6167
3744
6256
521
313
313
6530
3312
3312
441
3758
2710
354
2365
6503
2423
4871
3678
2710
2482
6065
6065
647
381
3676
3677
4806
3678
5607
4877
2267
3530
5275
327
0810
5607
4860
6505
6210
6065
646
203
3301
4306
6320
2650
2644
2663
3152
3152
2550
5332
4513
2304
0872
2611
4575
3616
3612
228
7321
35
228
6220
2680
5556
37
4823
6431
4470
5118
5522
2477
6311
6405
2484
2350
2422
3465
2046
482
3505
2402
2402
2528
4417
2330
6743
3482
616
3243
3530
380
4500
6288
2282
5540
225
5417
4718
4605
5577
6215
4411
2346
4875
3286
6423
333
5046
5046
6518
2810
2460
2752
2710
3820
3821
3821
233
233
2343
3377
2340
6421
5650
4854
3113
3134
7018
2423
3134
2074
2680
2502
3301
2474
246
2447
2824
3670
3352
3478
7261
6330
2622
2102
2102
4307
2774
2100
324
3280
3312
3283
2871
4387
4871
2828
0822
3401
2232
0852
4370
6024
2170
2425
2460
4306
5454
5400
2325
4670
225
0872
3482
3482
5461
3485
4621
6725
6407
2233
5066
4133
6152
3658
4133
3038
3875
7262
2017
3373
4673
5413
6228
710
5110
6020
2540
5452
2460
2460
315
6513
0872
560
2602
3087
3087
2030
2355
307
4385
4887
2232
2535
274
6568
35
4615
3384
275
3352
5203
306
2173
4610
6107
710
3237
7172
3128
5066
2330
5280
527
2575
4357
4704
3145
6166
275
647
4875
3352
2446
4871
2711
5440
2422
5573
3216
4012
4012
2024
4825
7250
3170
2337
2060
2447
7140
3888
2580
5034
2340
4722
2382
3352
4860
5501
2421
6530
2775
0822
2560
3518
3518
5606
6044
6315
6721
2582
2388
3568
2800
3568
3237
254
7304
2406
447
3251
3260
545
4703
7304
235
2614
266
5573
3518
283
4874
4874
4406
3338
2415
2642
6477
2575
4670
6640
7264
5007
6170
4350
4121
4417
6233
482
2370
2820
525
525
6236
6236
7054
4160
2371
2460
3551
6328
4507
3462
366
6106
686
6014
613
601
354
2250
3355
3355
4615
3241
2648
3875
2782
2127
2145
5278
2577
4405
3186
2720
4417
2720
3352
2570
3364
2534
3030
3030
2446
346
2747
2747
2747
2341
5732
37
7307
2640
0822
6606
2478
275
5024
6450
3550
6532
541
2471
421
6280
6330
6630
1515
6214
2471
32
5008
4101
4810
6530
6337
3012
4680
2250
435
2443
5007
7000
636
2171
4305
()
67
6430
2440
7306
5021
5020
6430
7250
6007
601
6705
4740
3003
7330
700
7321
2541
2125
6005
6872
7316
6308
6208
481
630
4403
2073
5275
5033
7321
6346
4700
1685
2114
7260
4680
6055
7325
2340
6566
7315
2286
482
2474
360
2500
455
2671
5680
5041
2330
4350
3825
7303
357
4870
2340
2653
6304
4357
7304
5268
7212
5223
7140
2048
4454
4074
2120
4422
2145
304
3351
6061
2326
2611
2611
6423
4514
272
4702
6316
722
1851
2164
4625
2734
4562
7252
2770
2107
3714
5603
3564
4606
3461
4370
207
3150
2758
2583
242
4387
2480
4352
6718
246
3556
3483
6123
7184
2836
6162
0870
5254
3550
7258
5575
4352
4507
6532
275
4306
4868
5253
560
220
7120
3660
350
6068
2460
7255
7303
5607
5607
5172
4503
3733
4870
2611
3678
2404
4802
6207
2330
321
3757
2705
5461
3243
2428
3735
3735
3735
3612
5600
5601
560
5608
5600
5608
4873
5420
275
6473
2474
2580
6532
6532
6370
0822
223
6720
7256
337
2328
4570
4570
4570
440
2680
6443
4413
4520
5330
4612
6743
2756
6302
2850
6041
7030
3728
2836
5641
2453
353
5271
5501
4370
2577
342
215
6243
6243
6258
571
647
4608
333
6156
6156
2382
541
5267
5554
3485
6728
5118
3283
337
337
2440
4110
2680
333
6155
655
2440
6333
5723
631
3027
2620
2620
3016
5351
6430
3016
2318
2653
2423
2770
5433
2068
5222
2068
2068
5253
5211
3825
233
2534
2575
420
4306
5431
3764
0872
4702
4702
3360
4370
482
5222
2372
3847
3847
5172
5172
5172
2710
5255
6330
5485
7310
0872
2850
6107
4800
4625
2482
3515
4307
4570
360
2624
4350
4350
4051
0852
2571
7321
6646
6280
275
322
2346
275
3241
3241
4721
6450
2306
2528
4207
2320
2580
2800
4605
6282
4605
2321
3352
4670
7252
2264
2850
4478
4481
2720
275
2756
3181
4030
5501
2756
5087
2343
6262
2460
4670
282
381
7255
3321
257
2337
5013
242
2631
3477
5343
7275
3585
2777
7265
3546
3304
6255
0820
0821
0822
3858
5700
3281
4825
2153
3358
6150
2344
3673
4735
3673
5570
4347
4515
2640
284
5481
2420
3608
5267
2803
2447
5204
2871
5661
5223
3885
275
2775
0822
318
4122
5251
6286
5671
4352
4275
6230
4552
6751
6447
2440
7320
4311
4306
4370
2606
368
360
360
2550
2622
6370
6221
2422
5520
441
4721
4207
270
270
2850
2330
3750
2205
2581
2325
2350
2477
2500
2520
2500
2500
2065
2540
2354
526
2550
4570
4465
651
2515
2587
2460
3888
5320
340
2580
4465
2731
2756
4370
371
4671
4671
2551
2551
2256
4606
272
430
4887
4655
360
4873
3115
4883
4852
6401
6603
2831
3234
4210
2530
4275
2346
6630
5238
3862
2350
5481
541
3737
6280
35
6530
5340
3401
362
4620
356
6316
2322
2560
4343
6056
7162
2472
2538
4703
7120
5255
2767
5162
2476
3442
4305
3442
4680
3715
2778
3281
4514
2463
5072
4660
3875
2535
4285
324
2580
2536
2575
4343
6018
5254
2480
345
4352
5311
6701
4625
2164
4114
6041
2284
0830
3723
5253
7120
2372
3874
5244
3874
3874
2347
2360
2538
273
3751
4816
710
3551
3463
3556
6026
2470
2321
5011
5012
5012
5011
5011
5011
4802
2466
401
6324
5575
324
35
2354
4702
3860
4822
2582
2456
6630
2462
1350
2025
2540
2011
4102
4515
4352
0820
2470
7330
636
2340
4570
2337
4310
2230
4030
2464
5330
4340
3518
5412
5400
3276
5732
5272
5701
2110
2644
246
455
3485
5720
4357
4570
4670
225
4207
2517
2517
4871
4713
3747
6701
362
360
353
313
4507
358
358
3588
3272
6558
4608
4702
4605
3525
4860
6530
3518
4552
3315
6562
2423
4621
2483
4868
2002
2850
5381
4213
2232
2508
2233
2540
521
3858
2540
6225
4702
2256
2256
2642
3860
4601
5271
2540
2611
2540
2775
486
3860
482
381
6612
5652
485
3875
0812
3885
3885
3885
4811
4305
6560
3635
6112
4806
5311
4714
630
3241
4680
3850
0822
4575
4627
4352
0872
2820
3875
430
6485
4615
4350
2671
246
2622
448
2808
2720
4310
4382
2333
225
4702
3527
3527
4412
3525
3525
4455
521
3234
225
225
3237
7254
6568
2372
2330
2640
5306
2550
6740
3024
2474
5127
4178
4178
4178
4178
7325
6407
5275
2250
225
225
225
2480
4352
3620
4723
3620
660
4704
3424
3646
3646
623
246
4818
5470
374
253
430
2423
21
21
482
521
6330
5641
4352
6701
560
4741
2580
3637
6635
3378
6535
2530
3085
2408
6282
6282
3825
6536
3825
3825
5607
3885
5431
2540
6280
4720
4305
2464
5340
7256
3285
2550
3621
3755
3418
360
6035
2703
6522
4673
4478
2574
4352
4561
4561
3537
3461
3461
6701
5680
2711
4371
6164
3283
3858
5653
5203
2550
6258
6710
381
2343
2840
5661
5432
262
3451
4731
2644
650
371
6525
4401
6218
4573
3283
2580
7256
3775
377
4871
2875
3516
4207
2850
482
6522
2820
3823
3823
2842
2650
5433
2441
0852
2600
371
225
2343
4614
301
2753
2447
2720
4356
2446
275
242
2440
3013
2328
3575
2233
0830
2850
3730
2264
3730
2388
4630
2620
3644
2370
2354
2358
3677
464
2582
2582
4207
4207
5126
3301
2650
6507
5422
2251
5114
253
272
3478
3717
6260
6503
6372
6285
5632
4105
4388
6487
2483
313
2371
2548
2527
2777
6426
3505
5558
6280
2232
2681
4625
3352
4650
2325
2161
324
324
2868
4703
6571
3770
2642
4104
4650
2787
2575
2540
2440
275
2410
6532
3525
3525
3638
6430
6312
4313
5332
386
386
2446
0880
6275
6060
6060
7325
543
2680
6280
6302
3477
7120
7270
4875
5573
5576
4878
2470
6311
6256
6383
3646
3728
6407
254
5238
5238
6330
724
6225
440
2228
2550
0872
0872
4520
4416
0872
4427
4427
4427
3301
2867
5261
6532
5172
3727
4884
5440
0872
2464
3063
4850
3237
5254
6434
2484
746
3634
2017
4034
4710
0832
3401
6536
